200 100
16 18 97 9 16 37 67 30 10 83 61 28 97 4 62 29 89 62 65 87 10 33 40 26 50 59 12 77 27 92 68 98 93 86 62 88 63 62 38 72 40 12 39 76 42 4 23 87 53 79 80 51 4 92 55 47 42 66 18 81 66 2 73 10 53 28 84 38 68 47 22 65 65 75 39 31 24 11 43 97 12 78 30 22 31 7 90 48 48 96 58 17 37 80 85 28 8 30 80 92 
8 82 5 11 94 82 49 22 38 7 40 7 63 78 41 16 14 57 9 19 100 69 31 50 23 2 25 29 56 100 29 99 34 54 20 73 96 59 66 75 79 63 2 18 55 62 2 34 65 26 9 6 74 52 10 86 95 53 48 81 56 80 56 52 30 20 17 84 31 47 71 64 86 63 9 69 13 66 69 6 33 73 22 60 19 54 36 45 19 88 50 21 69 59 37 7 46 25 53 62 
41 84 72 39 20 36 86 58 76 74 62 27 35 53 36 19 70 15 38 68 47 24 16 94 39 14 26 40 55 73 9 59 60 23 32 18 99 7 39 87 37 19 4 35 55 90 78 53 27 41 43 30 47 39 48 10 66 35 82 61 41 78 26 80 31 13 82 24 54 70 9 36 38 67 37 63 4 23 53 37 7 75 69 55 54 83 60 5 80 69 54 6 85 14 49 53 94 88 89 20 
16 18 45 55 23 23 48 57 26 21 19 70 84 14 19 43 30 13 9 96 24 3 100 65 59 10 99 72 36 41 34 85 32 69 51 16 35 22 3 66 9 11 61 30 35 36 45 32 25 2 25 82 81 59 54 35 53 88 67 52 8 33 24 43 74 25 12 62 86 66 26 60 74 15 4 58 41 12 6 52 45 76 9 98 88 98 26 33 81 1 49 14 88 51 22 8 8 2 85 4 
100 26 38 45 24 91 37 19 85 96 93 7 2 43 58 100 39 6 36 29 25 25 4 70 82 69 71 66 21 68 49 85 69 87 84 58 34 70 98 45 14 32 30 67 63 26 34 77 42 77 65 52 22 94 55 78 46 27 2 99 45 29 64 37 76 11 92 10 58 40 75 3 38 29 11 39 98 99 18 39 25 45 99 60 48 4 10 89 15 81 69 19 4 30 3 13 87 3 65 12 
89 84 56 99 57 65 52 50 52 59 54 7 12 18 52 71 61 71 64 22 20 82 50 70 6 72 10 34 34 4 13 100 1 20 68 79 21 11 34 28 49 13 99 15 46 46 44 78 55 47 96 71 28 55 41 65 32 81 69 63 87 49 65 59 44 30 74 97 59 80 26 82 51 99 19 66 58 45 1 34 56 59 93 26 6 85 58 90 96 69 69 74 26 1 55 19 47 75 73 87 
93 10 71 52 99 26 52 51 81 98 34 33 14 74 55 61 40 5 36 77 72 80 88 26 41 81 59 57 28 97 4 26 49 30 71 77 80 47 89 22 19 68 72 73 39 18 41 59 67 98 45 95 9 32 11 98 41 83 38 19 34 56 53 43 17 14 38 45 11 54 85 70 38 18 90 62 48 52 53 33 25 5 98 51 32 87 51 1 72 59 7 95 7 38 95 43 88 46 67 21 
79 2 56 30 57 9 77 87 2 88 60 44 25 68 77 86 38 74 4 27 42 74 79 58 97 94 32 96 2 13 82 55 75 85 42 99 99 2 4 67 6 31 62 27 38 96 82 46 75 75 48 12 61 45 57 1 6 2 86 77 66 86 37 49 74 25 93 70 21 50 22 10 78 48 23 32 73 27 22 82 94 17 54 50 71 7 87 43 70 14 50 100 10 19 81 69 76 9 64 64 
58 18 19 4 76 38 58 45 40 21 25 2 48 44 52 85 83 63 87 72 72 71 80 38 26 89 91 83 99 7 7 48 56 54 49 15 71 23 87 67 8 47 73 8 58 65 19 71 10 85 61 34 88 78 23 75 69 86 33 32 4 92 30 13 64 45 98 98 49 43 79 5 59 67 56 78 47 32 100 23 16 48 77 13 52 92 22 26 12 12 20 38 61 15 26 25 93 7 73 88 
11 17 5 56 25 65 37 81 97 53 63 86 51 62 83 90 24 6 57 77 29 88 61 95 29 72 100 62 21 68 18 84 56 6 77 27 53 88 68 61 32 79 21 74 14 32 1 50 67 41 69 63 79 75 92 56 47 7 30 14 32 71 28 38 1 48 4 7 56 45 43 24 7 72 1 32 24 85 5 13 57 4 24 9 97 100 62 17 96 89 49 14 36 46 46 67 28 46 23 85 
10 65 82 39 87 7 1 19 54 20 40 63 65 27 7 10 28 60 35 61 64 21 75 84 4 93 64 88 91 11 31 100 63 12 81 59 70 48 56 99 45 14 43 53 49 39 14 7 61 90 55 83 72 70 49 70 99 19 50 52 80 64 37 47 55 52 61 47 89 72 65 46 66 27 33 67 44 26 4 51 59 92 88 49 35 48 39 81 5 47 63 84 89 19 82 42 55 60 68 59 
61 3 43 67 91 60 35 69 41 95 8 87 41 78 44 47 3 96 88 40 60 33 72 72 78 87 3 71 87 74 75 66 43 46 58 28 28 15 21 69 21 89 13 94 75 88 97 97 6 35 90 52 77 26 36 96 26 5 15 26 19 59 5 43 42 30 2 95 98 81 20 62 70 40 1 50 97 28 68 59 73 74 92 53 89 29 44 82 40 77 91 42 1 39 75 3 100 78 26 95 
14 57 64 86 96 85 75 57 45 86 67 83 86 29 36 74 42 8 63 20 15 75 53 82 96 68 32 63 9 95 59 83 49 80 51 42 91 3 29 60 49 37 96 77 61 71 5 36 1 69 47 16 7 3 86 56 2 53 65 50 16 7 34 43 22 70 16 57 13 84 6 78 86 8 82 4 50 51 19 58 22 55 42 72 91 13 26 37 39 86 76 54 56 64 54 96 8 45 6 29 
96 6 51 63 42 26 62 96 87 8 53 35 24 59 67 60 68 67 27 68 18 91 72 54 83 78 47 87 73 61 94 81 86 81 12 74 36 8 46 61 80 92 49 35 74 25 10 79 67 29 78 41 9 98 87 25 71 98 64 3 53 44 94 34 61 43 4 14 98 6 45 46 63 64 63 87 27 93 64 30 39 11 87 85 46 57 43 68 16 2 29 31 2 24 58 4 85 90 49 52 
95 43 31 68 23 8 68 82 36 88 54 39 25 13 28 70 10 63 8 51 27 32 35 59 93 65 43 8 69 61 28 42 48 21 82 65 52 77 32 49 73 13 17 86 28 41 16 79 52 54 61 39 25 73 8 37 19 84 74 65 18 26 59 33 20 72 54 12 38 69 83 55 10 4 95 69 45 73 60 18 61 35 73 29 49 83 57 49 36 33 88 53 25 67 37 26 89 77 96 50 
34 20 72 44 60 87 17 75 71 55 15 52 33 43 81 83 35 45 42 53 67 37 64 89 91 22 77 14 36 84 91 96 22 46 6 48 82 30 32 63 25 86 38 34 54 89 7 19 38 39 81 12 38 43 91 18 39 51 70 92 30 6 63 49 79 1 68 49 24 71 86 88 50 83 94 37 78 49 31 28 22 11 96 69 56 34 53 79 30 26 84 69 2 1 34 12 12 26 98 90 
39 3 46 63 85 82 17 13 100 78 15 69 76 37 87 58 39 76 79 78 57 42 41 93 73 25 78 10 12 22 32 19 56 36 69 13 100 6 39 79 79 81 77 38 86 53 76 21 22 45 32 78 48 75 51 94 22 52 86 65 78 59 38 53 82 58 46 66 52 78 29 73 20 50 94 73 56 91 80 24 73 9 1 20 86 79 83 81 18 23 58 94 45 78 10 10 47 45 99 59 
46 23 7 6 31 9 5 2 77 25 61 3 81 63 100 57 64 57 5 6 35 10 69 13 73 36 58 17 47 10 65 83 61 59 90 44 9 86 18 36 50 2 2 54 3 82 80 60 79 33 45 84 58 84 66 87 37 50 29 58 1 75 98 46 2 2 34 74 38 8 34 16 58 24 96 97 30 13 16 45 40 79 29 60 78 58 15 35 47 3 88 42 92 63 30 75 95 20 29 15 
28 66 69 14 43 18 43 13 83 46 89 22 51 29 56 98 4 96 29 98 52 4 39 15 36 16 85 38 89 11 92 3 90 39 98 35 64 68 95 71 4 3 72 72 84 49 90 14 27 67 62 81 58 63 46 40 26 40 18 44 59 58 25 52 86 12 77 92 76 10 78 35 51 40 66 95 37 49 14 99 47 29 56 75 35 74 57 17 6 77 61 79 68 68 76 97 30 94 18 98 
44 87 28 11 52 72 94 31 50 91 27 40 85 59 45 57 35 1 94 93 26 71 39 83 36 67 90 56 14 18 58 8 40 93 77 72 26 3 28 43 78 52 48 51 31 39 100 73 64 60 88 45 40 70 27 56 37 59 80 65 15 66 76 49 69 89 73 18 70 54 65 27 73 76 57 93 57 49 92 22 2 87 69 19 81 46 90 20 71 98 83 100 42 45 69 9 35 1 82 100 
57 54 34 54 60 28 14 29 96 24 62 62 14 61 42 3 20 59 6 85 79 61 84 20 61 18 73 35 98 20 46 98 81 16 78 68 27 41 48 8 49 5 77 73 56 35 63 26 50 15 84 62 35 34 23 56 52 74 91 93 12 45 71 49 51 44 44 41 59 86 66 24 62 69 54 25 59 9 23 49 7 97 62 39 30 30 20 100 40 46 4 1 78 77 80 82 88 45 23 82 
21 32 29 59 61 76 39 64 51 33 68 86 17 27 34 70 17 30 71 62 26 73 49 36 57 63 54 28 99 44 3 94 12 47 10 73 70 89 38 27 8 93 53 62 95 94 52 84 20 31 7 86 71 96 6 30 72 40 3 11 71 85 19 57 77 30 33 50 94 30 53 57 63 42 23 61 26 27 72 36 43 9 66 70 82 30 55 62 17 27 2 59 95 80 4 62 8 58 37 73 
95 56 87 98 21 99 1 46 74 85 42 61 22 55 31 50 49 2 28 53 27 7 61 51 82 77 17 29 14 10 84 93 76 19 42 55 14 32 48 39 97 14 34 75 90 54 72 14 42 76 32 88 44 81 30 84 29 35 9 75 24 51 83 20 17 85 23 9 36 11 38 30 85 20 18 12 88 23 99 16 76 27 25 46 95 58 50 55 42 40 6 92 89 2 95 17 66 24 20 33 
99 74 63 71 98 54 99 5 81 85 87 20 99 6 75 50 71 51 45 99 91 93 19 88 52 68 6 35 55 19 67 83 86 93 15 90 34 33 51 23 33 15 97 96 49 54 86 30 64 20 70 23 43 39 97 28 2 96 100 47 44 90 100 26 62 46 63 21 41 74 93 46 14 70 96 91 44 84 28 46 77 92 28 31 35 40 92 53 78 76 28 86 32 87 14 74 87 96 87 21 
98 8 89 35 52 61 37 95 96 58 41 34 32 29 19 32 89 1 45 66 7 51 69 30 42 57 76 88 100 56 96 5 60 77 83 34 36 25 52 10 59 39 77 46 56 13 23 73 54 95 37 59 65 62 72 57 4 85 26 12 78 61 31 11 81 18 76 93 34 94 42 37 57 46 3 88 91 11 85 22 30 88 19 15 92 34 16 27 24 41 51 22 84 3 23 1 88 68 62 25 
43 28 70 46 95 93 81 16 67 39 32 28 23 82 71 74 52 50 27 69 6 63 96 97 10 76 92 79 58 22 40 79 65 57 17 45 68 38 38 18 15 78 80 27 96 92 96 57 10 6 35 72 5 41 65 26 14 98 54 75 30 71 29 47 34 99 4 70 87 16 43 12 62 37 78 25 97 87 15 31 33 11 77 1 90 98 79 34 38 30 65 97 57 90 47 62 88 77 23 95 
51 29 52 57 83 83 22 10 81 50 79 19 50 86 31 78 40 16 89 60 63 40 55 31 55 31 47 25 96 6 84 99 79 62 39 68 16 41 3 66 67 94 81 96 34 65 100 33 29 93 8 79 59 20 46 64 80 5 12 26 1 51 92 44 27 34 74 29 59 29 99 34 17 58 15 55 96 79 63 97 89 54 42 33 32 64 41 49 82 91 57 65 22 57 38 23 24 60 22 83 
67 51 19 30 43 62 60 12 80 41 30 70 43 10 44 2 21 56 21 4 83 21 37 13 63 20 34 38 47 96 45 71 100 83 42 7 30 31 1 52 68 32 35 3 73 31 74 31 41 34 49 36 14 30 11 19 39 36 54 48 1 58 27 81 4 74 74 55 70 48 99 14 56 7 82 29 93 94 89 59 56 58 91 19 69 18 93 31 70 50 29 21 47 82 26 49 31 23 76 67 
32 10 74 80 63 89 76 61 70 23 76 24 47 58 92 83 50 40 67 26 40 11 13 80 52 21 8 30 91 29 61 56 2 33 40 69 16 17 21 32 52 26 83 11 55 51 58 44 24 48 89 9 17 16 65 51 36 84 74 72 79 3 87 81 81 81 72 91 27 63 1 49 2 77 98 18 52 53 1 27 86 46 26 66 5 95 98 88 6 64 65 48 5 61 40 88 13 63 77 10 
84 52 38 26 63 37 52 28 43 85 88 30 71 2 53 96 17 16 43 24 97 60 47 97 76 57 5 57 84 35 73 29 95 41 94 3 67 12 65 83 50 86 65 5 9 99 72 11 46 23 31 98 60 44 37 60 56 74 88 37 84 74 13 55 66 70 84 90 79 42 86 98 51 87 98 55 44 45 64 81 87 77 3 17 12 22 74 86 11 58 53 36 41 83 57 18 51 85 67 78 
91 92 4 55 60 88 44 1 45 47 97 1 35 95 49 68 16 62 11 4 62 48 18 49 4 30 50 6 49 66 61 40 58 50 46 78 74 100 72 34 17 78 85 59 21 46 43 52 45 21 35 5 82 41 5 23 24 64 78 7 41 49 47 9 20 21 28 65 36 97 16 71 78 54 21 80 99 17 57 71 13 74 68 59 34 35 60 49 50 51 27 56 12 18 50 2 57 40 81 27 
93 80 5 86 46 56 33 65 79 5 16 79 49 48 62 27 70 52 82 59 10 12 74 32 14 67 30 8 70 1 54 97 34 10 63 45 64 13 57 91 52 2 60 98 76 63 32 71 100 78 52 16 31 75 74 21 91 80 43 50 87 36 73 83 69 35 41 42 61 80 42 45 93 41 33 26 79 24 35 62 83 88 26 85 13 80 28 97 63 59 57 79 23 63 99 56 19 46 60 16 
37 3 26 22 35 4 57 39 91 98 24 81 96 48 10 8 50 49 83 25 7 52 38 31 29 67 1 73 75 55 20 14 54 20 10 48 41 74 15 20 2 80 24 12 53 17 12 77 90 14 58 55 100 53 39 67 56 12 80 96 51 18 87 5 100 9 32 12 21 18 17 66 8 80 33 41 97 93 59 74 73 69 33 34 17 16 33 5 60 34 87 28 9 79 26 36 90 50 52 79 
31 41 90 42 25 79 57 97 11 30 70 35 89 79 52 85 33 76 53 90 33 14 1 66 1 51 82 94 55 6 83 84 29 1 22 5 12 87 93 19 17 2 54 99 71 72 57 22 79 87 1 94 6 89 34 84 8 5 86 85 53 93 57 96 94 33 22 23 16 98 37 3 15 72 39 1 58 76 68 87 45 62 52 63 75 7 14 73 32 94 96 24 1 85 36 41 61 83 16 74 
23 35 1 97 61 64 24 59 30 29 30 83 38 47 43 39 83 1 40 19 96 53 77 39 28 10 82 83 58 57 53 91 8 68 45 58 23 98 65 70 75 26 54 43 20 53 27 5 53 69 69 94 47 26 100 99 13 28 88 13 66 10 96 15 66 54 46 82 17 35 7 38 46 4 2 49 98 38 84 83 74 93 74 90 56 9 15 25 58 80 83 4 97 19 17 92 8 55 25 3 
65 43 11 17 71 74 54 19 61 50 15 34 12 89 99 59 29 21 70 3 86 75 11 65 86 14 79 91 73 71 37 43 97 50 4 46 31 92 32 90 22 89 17 94 18 75 28 46 19 36 24 49 46 75 64 93 8 55 92 86 67 38 28 32 41 23 36 16 12 42 93 33 87 21 38 83 67 91 40 9 46 75 31 57 6 80 49 95 88 38 88 38 9 45 70 66 18 56 27 35 
75 19 80 72 78 9 26 6 82 96 31 13 87 20 50 47 35 19 4 2 61 49 2 52 77 91 14 72 54 9 37 47 2 93 42 35 22 94 74 18 40 22 5 89 22 72 67 38 21 9 79 16 43 46 66 81 69 60 9 62 51 36 57 31 14 66 85 49 99 64 91 92 91 7 64 71 51 57 15 43 26 99 94 33 75 12 16 85 85 17 11 7 87 75 36 4 73 74 31 16 
48 3 32 46 39 51 67 42 96 60 86 58 75 59 85 76 25 39 55 76 55 29 98 9 53 15 85 26 36 7 37 21 37 30 22 28 90 38 94 97 11 48 77 5 39 10 88 21 91 20 81 17 69 93 37 95 78 33 31 100 10 59 92 50 31 78 53 46 13 13 16 81 15 4 25 63 81 96 81 27 13 34 30 67 28 70 96 99 57 55 66 98 65 94 7 29 22 87 64 5 
99 42 46 46 6 49 71 73 62 24 58 70 78 95 71 27 3 47 33 17 57 34 44 40 100 59 10 87 57 34 33 75 19 84 34 47 97 17 93 12 16 61 15 14 61 8 6 1 53 43 64 23 31 41 46 99 71 53 95 32 87 41 2 75 60 50 49 9 73 6 80 42 19 86 36 56 86 9 55 23 51 97 20 23 29 59 86 42 7 43 28 16 62 71 30 36 20 29 72 40 
80 95 28 56 75 89 66 28 96 26 42 16 84 65 36 76 38 70 87 70 54 29 4 21 25 80 12 97 66 37 61 55 76 30 81 4 1 19 4 53 50 46 26 50 24 11 2 17 52 27 57 11 97 23 92 26 75 21 24 28 61 92 53 77 22 56 74 35 35 13 78 48 64 82 83 17 50 19 70 34 96 57 97 29 18 56 17 33 8 91 29 79 58 74 55 86 93 57 13 49 
67 36 94 6 76 26 96 54 10 9 78 41 69 70 98 51 13 62 1 27 25 42 40 40 71 6 12 22 88 47 93 79 86 14 70 26 100 2 39 20 16 22 14 72 59 10 7 4 62 51 32 74 91 39 31 90 16 76 96 28 8 89 90 34 76 100 63 34 57 80 80 92 1 75 60 31 25 39 59 37 89 94 96 29 87 46 78 93 100 89 32 70 57 45 39 49 27 1 35 98 
87 27 75 8 11 23 26 1 4 69 71 51 82 32 69 14 71 43 59 8 24 87 76 2 78 41 63 5 18 37 9 35 33 41 45 17 87 90 2 9 99 24 30 70 3 55 28 11 38 89 89 20 38 16 80 15 96 27 74 70 45 22 21 65 60 50 7 77 87 36 86 8 92 59 45 8 69 1 42 42 10 14 58 19 87 82 85 78 56 70 13 41 15 78 99 92 53 34 56 79 
88 38 97 58 79 53 43 60 77 84 39 88 7 7 12 82 97 77 3 78 59 41 100 61 79 78 49 100 71 55 79 28 77 35 83 27 60 31 40 43 88 11 74 41 27 3 75 25 9 13 36 69 53 45 3 49 98 30 27 22 96 84 76 82 8 69 75 26 92 49 65 29 74 68 94 51 51 14 25 41 13 16 55 36 53 50 58 91 94 98 74 10 45 89 12 33 63 48 21 82 
59 66 92 95 56 12 75 25 49 5 41 45 28 64 100 14 20 31 27 39 98 9 9 26 37 77 7 18 59 3 96 31 90 11 49 42 84 29 95 26 28 36 90 71 52 42 41 100 55 25 24 35 43 96 66 67 85 41 91 47 98 75 97 67 78 20 22 61 96 9 18 36 85 41 73 19 47 90 92 98 76 2 42 71 65 1 7 5 71 26 24 67 72 69 25 77 97 16 43 47 
77 95 27 13 60 29 31 94 56 79 40 49 38 8 60 55 83 63 22 53 45 90 86 31 97 3 48 95 98 74 1 20 34 12 29 64 6 72 54 84 37 79 56 81 95 98 25 98 42 41 22 59 21 91 58 100 23 87 32 66 65 59 2 25 75 96 87 36 43 54 41 44 80 49 83 33 99 53 36 83 26 74 18 72 59 30 39 38 43 64 99 47 14 54 60 76 88 52 87 74 
6 99 28 79 45 96 41 3 3 93 74 42 1 80 3 83 93 18 35 94 46 5 99 14 38 76 4 82 50 83 33 37 86 90 61 81 44 38 76 88 88 63 4 7 83 68 71 57 87 44 24 38 79 11 5 54 80 4 17 49 11 57 100 15 54 22 88 12 65 90 12 2 65 42 10 99 100 22 91 73 74 96 49 30 82 84 11 2 98 40 36 53 41 99 34 95 91 86 7 10 
89 93 17 36 89 84 36 24 32 11 96 69 95 6 67 24 49 9 16 90 84 96 66 58 8 36 27 51 15 98 29 31 94 68 35 25 92 90 82 57 30 91 76 22 6 60 47 53 90 35 67 41 49 29 77 31 1 85 68 50 86 74 13 16 44 17 6 23 66 6 28 98 57 81 39 59 12 26 76 11 39 21 23 63 60 71 13 58 36 35 65 11 5 57 70 48 51 68 72 35 
83 25 99 5 38 77 90 95 52 23 62 19 8 7 69 38 24 40 21 72 80 5 72 17 78 65 75 54 54 45 47 96 32 90 28 64 52 71 81 39 14 37 89 46 51 48 46 77 58 19 88 18 27 60 44 99 8 93 75 99 47 94 34 49 81 57 100 1 45 43 64 35 82 16 27 49 98 58 52 93 47 86 89 75 55 35 36 49 19 45 11 43 41 1 17 11 40 76 9 50 
32 23 10 56 25 76 94 58 3 85 87 55 16 15 18 49 94 75 6 88 53 70 38 75 24 100 47 11 53 14 84 93 73 28 8 20 73 84 31 53 77 28 21 69 7 90 63 7 49 87 45 53 87 26 43 61 47 17 59 25 56 95 60 99 68 81 16 53 90 60 50 21 35 86 7 4 54 32 62 16 36 57 98 54 64 14 21 39 47 69 89 2 50 59 53 29 65 46 13 85 
13 83 7 35 87 34 61 88 86 17 19 14 65 62 89 29 54 91 27 82 100 44 85 57 18 20 12 71 65 8 38 93 45 40 54 8 58 45 46 32 46 24 7 17 99 22 56 8 25 97 18 84 94 72 62 32 73 15 47 3 58 8 37 54 17 47 47 50 49 75 98 64 30 95 11 47 67 63 33 36 93 9 51 41 99 85 6 100 56 86 14 61 62 71 41 54 98 24 64 77 
41 27 40 53 80 12 30 37 50 98 83 95 72 88 35 84 65 40 58 22 80 86 69 88 42 99 79 41 38 78 91 50 78 60 42 34 47 27 13 47 48 23 89 19 67 52 84 4 43 21 55 20 30 86 36 54 50 77 51 95 7 69 1 82 47 53 92 80 68 45 45 42 86 56 65 33 43 14 94 49 80 29 86 40 97 22 40 52 70 34 93 21 26 56 96 91 30 20 69 20 
62 26 54 46 44 24 52 62 80 47 91 99 5 8 78 85 67 58 46 66 14 88 54 51 65 7 63 20 22 37 58 28 47 9 75 28 73 29 52 45 49 59 52 7 61 47 85 43 63 40 95 79 2 87 54 36 58 6 15 73 36 92 16 36 83 27 35 72 78 22 20 47 84 66 89 14 51 78 17 90 88 13 33 45 53 37 13 47 11 56 96 4 74 57 19 83 83 77 53 18 
28 72 33 38 15 3 13 57 59 61 65 75 98 68 36 39 41 63 13 60 84 79 70 86 71 4 22 52 33 4 32 7 80 58 52 40 18 53 43 57 44 14 46 85 65 3 54 28 27 39 90 74 78 37 79 1 85 74 68 49 3 18 32 94 59 97 52 71 73 18 97 99 28 52 37 50 9 77 49 3 27 100 95 7 64 57 91 63 31 35 40 21 88 89 37 38 73 97 35 72 
89 94 55 95 19 20 97 3 12 13 97 42 19 14 21 40 66 82 70 42 5 45 18 89 77 22 100 17 9 1 25 16 11 32 24 31 19 86 64 77 97 64 64 95 47 61 91 37 46 93 88 78 16 34 39 60 19 24 61 10 5 52 19 79 71 83 89 67 67 75 56 75 97 14 46 55 68 82 84 54 36 53 92 50 12 29 34 98 31 85 73 50 94 45 74 22 36 43 47 54 
40 95 8 35 96 88 75 7 70 17 4 37 13 44 74 78 35 20 51 23 10 69 94 24 7 79 96 6 37 33 65 51 12 5 99 83 71 79 6 12 27 81 44 44 33 65 48 76 29 78 87 22 17 7 96 9 36 31 97 93 41 2 98 31 42 87 19 93 13 52 7 80 83 65 32 97 36 82 14 76 41 62 93 53 10 53 51 13 71 11 96 19 16 80 66 44 79 74 38 1 
66 37 44 64 51 5 22 96 1 29 3 78 3 20 63 17 40 19 13 58 31 58 10 71 62 84 53 49 34 30 53 73 87 37 88 63 73 15 71 70 84 89 80 58 59 61 23 51 49 42 91 83 64 94 56 92 78 95 41 43 75 26 21 51 63 6 72 59 79 40 98 87 64 96 86 48 30 57 71 4 44 35 47 3 55 36 61 43 33 31 94 88 6 44 67 54 98 5 51 78 
22 19 68 81 18 18 74 54 93 10 18 75 24 61 13 66 99 33 81 76 6 71 6 70 84 81 14 32 73 87 56 26 12 40 100 37 81 60 71 32 26 16 47 58 45 25 49 41 38 23 46 4 67 61 51 25 2 72 50 4 17 82 90 9 66 48 30 91 11 84 14 99 44 69 38 19 39 4 74 78 78 84 89 35 86 19 44 41 26 85 63 77 16 17 89 44 90 39 95 7 
86 99 10 84 45 42 98 73 62 93 100 25 94 68 58 76 32 17 4 11 52 92 47 65 9 61 94 74 35 15 38 27 56 64 77 60 100 29 15 99 30 15 71 41 44 100 6 86 3 2 48 99 38 6 13 83 59 47 83 67 31 1 90 8 46 59 90 79 85 22 52 23 79 77 46 64 38 89 7 12 36 15 100 37 48 96 55 49 93 25 59 94 63 75 32 86 58 98 13 52 
14 44 80 88 45 70 36 77 63 41 70 98 33 70 75 58 74 50 70 2 67 86 92 36 46 43 54 50 94 23 26 14 91 45 23 94 29 64 60 65 74 28 27 77 25 95 63 84 10 38 2 14 35 1 72 48 20 7 27 19 7 20 96 74 16 67 94 50 56 52 85 22 75 76 86 66 68 21 67 53 76 61 89 39 74 28 31 54 74 59 75 72 22 33 63 7 30 79 96 27 
79 46 61 58 8 46 3 82 85 33 77 85 26 10 43 83 14 13 11 20 30 58 75 59 5 95 57 92 66 17 32 14 78 2 21 84 57 63 67 50 3 63 86 33 57 16 44 35 8 43 78 59 45 43 5 70 3 78 31 11 65 56 47 100 6 51 43 8 72 47 56 84 56 68 75 73 78 14 93 9 68 55 47 78 37 87 18 3 92 57 9 10 69 81 20 21 11 53 73 63 
81 30 2 33 80 62 65 43 97 2 10 86 29 39 52 86 50 43 35 86 81 65 78 39 31 46 67 100 9 11 6 20 11 42 10 21 22 13 82 76 90 90 61 22 78 11 16 3 97 77 78 62 11 19 15 6 100 56 41 5 38 82 36 11 42 73 1 13 53 60 68 43 34 58 29 59 46 29 44 33 27 94 29 51 20 3 1 46 48 22 40 76 24 54 61 52 89 97 77 56 
40 100 77 45 93 52 29 65 63 4 53 10 93 42 64 42 30 9 46 31 62 39 95 34 20 50 3 92 94 11 43 58 81 64 97 72 2 91 65 8 40 27 17 9 74 82 50 32 36 26 68 41 54 33 6 12 49 44 40 23 13 35 24 62 81 30 14 65 58 52 76 43 19 89 33 54 56 96 85 63 33 54 20 35 72 66 17 100 49 17 2 87 54 5 84 26 38 11 17 61 
71 32 41 34 25 77 33 62 57 22 81 26 8 61 11 66 43 52 10 60 74 32 48 31 9 72 89 11 72 30 46 88 48 34 78 39 98 16 45 29 38 30 14 23 16 44 76 31 27 16 29 34 48 97 23 23 35 78 61 70 98 99 19 27 36 61 67 94 5 19 89 84 24 82 19 78 51 82 48 87 71 94 8 47 15 86 44 33 46 60 92 27 56 78 64 44 33 31 55 17 
24 9 76 44 35 65 37 16 26 67 100 66 28 6 16 21 9 4 81 72 20 47 44 77 70 33 18 30 90 23 95 52 19 16 93 85 63 20 91 100 11 47 11 84 62 30 79 58 11 8 2 98 35 34 76 51 24 3 100 68 51 26 27 38 56 60 26 22 42 29 27 37 86 12 62 60 12 25 9 13 71 73 42 93 23 96 87 13 18 62 25 23 10 36 14 54 53 16 30 61 
53 66 72 94 22 7 28 85 96 75 30 18 75 97 29 11 34 6 26 20 49 95 71 92 61 45 54 79 34 51 95 31 72 94 4 27 51 33 65 14 39 22 39 30 6 46 19 36 90 62 74 92 3 83 42 14 21 51 47 80 57 73 45 97 72 22 4 55 78 60 25 29 45 22 39 98 68 13 54 24 13 23 21 92 43 72 59 62 12 9 25 13 84 46 66 63 50 41 68 6 
64 54 27 38 65 15 61 86 80 16 47 53 4 98 96 39 57 54 30 65 70 72 99 84 82 35 40 87 97 81 97 9 42 20 64 93 71 45 58 14 18 99 51 14 54 66 83 75 17 92 21 70 3 49 22 74 17 26 5 56 31 14 46 23 83 30 90 62 81 44 90 58 81 89 17 66 74 97 46 56 54 50 35 12 99 65 17 98 86 10 83 65 6 99 72 57 6 63 35 17 
80 36 94 91 35 84 39 55 77 53 13 22 45 15 76 39 46 1 80 22 65 95 85 79 74 12 32 25 39 74 26 37 48 50 77 23 59 96 89 69 82 63 74 28 25 10 89 58 17 14 94 94 38 33 28 100 80 58 50 62 72 67 90 17 49 42 3 28 27 2 85 100 6 82 42 63 65 88 2 11 85 33 97 18 65 43 99 58 31 95 57 82 3 72 43 73 28 88 3 17 
54 39 44 31 74 52 69 5 40 72 64 51 48 77 59 7 62 71 71 80 47 83 77 65 59 51 24 56 99 67 71 67 19 69 71 73 84 6 37 68 51 5 32 96 3 47 92 87 92 97 16 70 19 100 6 24 100 45 14 70 24 84 20 62 98 89 79 18 14 77 6 48 47 81 80 100 98 3 67 5 95 24 64 100 100 89 7 1 93 83 67 80 9 19 57 36 4 81 94 82 
3 49 25 7 31 14 14 63 30 22 93 72 77 10 46 18 63 88 69 91 24 41 36 46 98 92 52 9 66 2 8 74 44 91 43 85 64 69 37 41 16 71 28 73 34 52 61 2 12 86 26 8 23 86 91 90 27 93 100 46 85 67 56 55 83 37 73 63 95 16 12 55 58 94 3 39 93 4 8 39 69 95 79 13 90 27 69 57 49 36 53 43 65 86 41 22 29 83 66 100 
90 59 14 5 76 15 98 47 82 64 25 46 67 77 43 39 92 38 7 53 29 1 100 8 62 13 49 25 59 99 67 99 97 68 60 34 3 78 63 74 44 26 26 68 50 28 85 29 57 3 70 36 19 9 81 6 70 48 58 96 43 28 19 67 36 3 66 89 98 89 91 12 34 69 81 6 34 44 35 71 33 93 79 74 55 5 50 59 56 89 4 59 12 67 11 67 44 41 63 7 
100 50 3 10 50 86 36 54 48 8 25 66 78 66 14 29 55 59 28 39 35 19 95 65 55 38 19 1 32 1 74 70 37 44 58 93 64 59 40 22 29 100 81 96 65 32 41 5 32 51 4 71 19 36 66 67 88 19 73 52 9 46 84 62 21 18 12 25 2 59 21 99 47 27 36 8 9 96 6 41 99 41 5 90 67 80 69 14 92 4 91 50 42 77 66 66 98 7 45 17 
72 40 3 34 10 84 74 38 28 85 31 82 29 76 25 2 96 67 92 13 58 7 9 81 26 43 83 100 7 42 95 98 98 74 40 26 48 10 26 84 55 52 98 75 88 33 56 63 80 77 18 22 79 51 19 7 41 86 53 47 33 54 21 40 37 18 100 64 6 66 20 95 78 41 83 97 92 63 93 23 74 14 36 94 71 92 50 2 51 48 51 79 12 80 41 90 42 17 26 28 
95 53 8 53 7 87 67 74 41 49 72 88 20 60 39 56 34 49 75 78 58 76 90 15 100 77 62 96 62 14 64 99 32 83 2 78 45 61 74 18 89 65 30 61 57 36 51 7 71 16 25 83 15 69 79 40 51 100 91 12 71 94 28 56 93 1 15 9 81 22 85 61 75 52 56 10 39 6 35 100 1 47 26 68 47 77 81 96 26 90 45 38 18 27 6 50 80 63 83 69 
60 17 62 66 43 2 90 85 27 86 29 84 25 41 19 54 6 99 6 35 95 23 37 10 51 49 72 80 52 2 90 89 40 97 83 91 3 10 82 81 58 98 98 65 91 72 7 23 61 25 69 9 47 25 90 99 45 18 72 85 69 38 71 80 4 19 6 46 10 45 12 63 63 14 52 98 53 36 60 92 7 58 29 97 82 56 62 79 67 65 33 68 74 32 6 97 77 38 31 49 
62 52 89 41 30 1 58 46 86 75 2 60 21 85 56 91 49 18 52 41 48 40 91 75 60 13 91 46 12 50 12 78 16 25 42 18 46 89 89 58 100 3 26 58 57 48 14 61 15 54 9 53 18 37 45 18 39 10 55 34 6 65 50 80 67 69 17 12 25 49 97 19 95 46 17 40 82 15 69 17 88 46 26 56 6 90 81 62 37 54 30 8 40 82 50 81 19 26 73 82 
50 84 91 70 100 67 9 50 100 32 100 64 83 12 99 15 47 22 85 29 46 57 65 12 62 23 51 34 17 41 64 78 20 79 52 24 52 89 83 56 100 36 63 18 75 33 97 78 30 82 43 54 74 42 26 41 63 76 89 17 14 50 31 68 52 48 1 15 84 27 74 78 99 68 66 18 11 23 26 15 58 10 74 10 35 35 15 79 48 85 79 84 52 18 68 3 59 9 70 45 
91 71 79 74 59 66 28 16 54 75 51 29 15 99 1 27 38 61 17 77 59 89 64 27 81 17 46 73 74 49 93 75 34 12 59 82 55 14 63 90 14 75 75 88 24 10 40 66 93 93 3 74 75 72 39 8 2 5 11 81 31 23 43 38 76 12 78 91 9 37 31 53 38 6 71 22 23 9 55 27 49 63 71 53 95 5 25 94 91 48 85 33 62 63 94 15 79 74 67 16 
24 65 33 42 64 40 38 70 67 62 50 74 20 12 46 97 80 4 36 12 63 92 10 34 59 57 23 21 25 20 59 51 75 23 93 21 18 83 96 64 92 34 42 83 54 39 79 12 49 4 18 92 82 58 21 13 41 79 74 2 62 81 80 30 11 36 86 22 27 17 40 93 81 29 71 58 89 56 96 83 86 68 88 75 30 11 39 29 78 76 34 89 82 59 4 62 88 92 62 23 
67 46 10 18 6 58 90 33 6 56 75 93 78 50 93 10 59 4 85 93 28 4 11 55 9 31 81 92 84 15 82 97 51 88 58 98 42 17 23 58 4 11 14 70 31 77 33 77 79 48 76 55 65 2 92 19 72 14 49 17 95 49 8 77 48 30 6 31 26 73 58 90 35 40 66 53 73 91 89 46 70 91 8 73 45 81 53 87 98 4 11 21 41 82 87 100 77 50 50 83 
64 92 87 1 68 93 22 50 72 74 11 84 39 18 40 61 14 22 23 21 79 81 2 87 53 31 42 99 44 29 39 25 96 31 24 90 85 89 77 98 36 92 38 51 31 15 28 62 64 69 91 53 91 93 33 52 83 20 89 14 96 44 16 51 72 28 19 26 66 23 99 41 6 99 60 11 39 9 37 41 42 72 1 80 95 3 32 39 35 91 65 72 23 13 96 69 73 56 13 43 
64 61 20 5 7 1 96 36 51 55 25 99 4 30 6 44 34 1 63 40 72 16 53 31 17 60 28 98 14 94 61 18 33 33 31 92 55 47 64 10 10 42 41 73 90 27 49 33 60 72 43 32 49 57 21 4 55 81 35 42 87 11 84 70 56 58 40 20 34 76 52 40 26 75 93 58 87 85 80 35 81 12 26 8 30 54 32 68 95 67 89 60 44 41 3 71 40 73 51 26 
29 47 62 81 92 41 80 93 54 90 43 38 54 1 72 34 94 80 3 40 11 89 50 56 34 74 43 18 46 5 66 68 29 87 29 81 34 84 98 89 93 11 39 40 36 14 46 32 13 78 45 73 5 63 69 19 31 36 13 14 79 77 74 45 7 45 44 30 56 81 55 84 35 51 89 54 82 62 65 21 24 2 46 46 23 86 66 37 63 49 43 13 19 70 30 72 81 23 32 88 
50 74 35 27 82 14 74 18 89 82 9 64 62 50 83 45 19 25 72 9 3 6 39 42 11 5 38 92 17 84 84 60 12 95 86 18 13 99 14 100 6 90 81 77 1 7 12 42 99 71 13 92 97 59 27 32 36 85 82 2 1 29 15 70 43 34 5 93 90 83 16 67 100 39 84 96 88 64 63 17 93 61 15 61 33 18 47 44 10 5 39 1 71 26 95 45 92 59 65 34 
69 55 77 17 76 7 15 39 100 21 70 50 25 53 42 37 52 96 100 77 85 25 30 96 27 93 95 84 72 13 71 93 58 85 41 73 9 40 74 63 53 90 99 97 54 60 8 52 52 6 89 30 15 1 64 55 11 97 37 28 31 16 56 61 76 71 2 3 4 100 92 69 48 81 93 5 73 69 46 88 68 13 84 45 94 39 68 47 33 76 17 29 56 87 29 38 21 20 50 67 
44 30 13 56 76 62 54 62 83 19 50 6 59 24 92 94 58 12 12 24 10 21 33 21 53 39 5 72 62 3 22 88 72 8 92 69 64 24 90 36 7 37 88 89 45 88 74 81 51 69 41 46 33 89 8 80 58 12 75 23 6 6 91 10 8 77 76 99 100 100 82 50 98 42 22 64 7 97 95 37 80 32 64 54 76 39 86 93 56 68 32 80 73 56 34 93 31 9 33 3 
71 94 41 55 43 39 6 31 36 74 21 96 82 63 60 45 54 1 12 85 89 3 11 35 8 36 73 63 95 72 67 17 90 22 97 42 87 30 35 58 97 28 89 98 48 53 97 41 16 51 75 12 30 81 77 90 77 14 67 40 93 93 42 58 48 39 50 21 68 8 58 52 63 92 48 52 13 92 73 35 84 28 29 47 63 22 82 8 58 91 92 27 92 47 63 95 81 18 12 49 
44 86 23 63 54 72 80 90 50 83 10 35 69 6 43 4 18 43 27 53 77 37 1 29 83 60 50 61 90 9 57 35 70 34 64 73 57 24 27 2 77 18 48 34 5 85 97 98 100 1 1 13 49 95 69 41 30 68 14 12 8 94 31 41 7 88 66 51 10 38 51 100 55 47 25 63 51 13 88 34 13 44 98 25 36 35 34 87 29 50 63 61 39 17 30 49 57 55 27 15 
34 70 43 92 85 81 59 5 17 2 63 12 15 33 35 2 89 90 83 51 51 90 13 46 78 32 27 53 80 31 4 62 73 24 100 3 44 95 38 76 80 91 49 78 29 14 50 39 6 95 25 100 15 98 66 92 51 34 50 17 81 37 19 3 22 32 68 98 14 70 20 30 22 28 94 72 26 21 16 26 2 84 31 55 62 98 15 3 27 31 90 76 85 69 91 80 23 10 72 42 
44 3 13 88 76 41 85 3 95 27 55 70 66 22 39 68 30 22 55 40 57 57 58 33 48 64 76 90 16 59 79 31 6 73 95 34 11 24 53 5 75 5 97 9 86 90 27 33 68 16 19 47 27 65 18 80 14 29 56 1 90 25 29 14 10 11 41 46 9 6 50 41 70 7 83 57 65 55 61 55 82 3 85 59 44 90 80 90 13 18 82 81 29 21 92 22 42 62 98 57 
75 60 46 44 66 58 95 92 19 65 54 37 3 23 22 39 61 100 27 53 13 60 36 62 28 69 68 65 80 72 76 72 12 77 8 34 59 51 98 18 30 100 69 49 46 47 16 75 68 26 58 31 5 17 99 4 24 83 50 80 64 38 16 80 66 67 31 58 6 94 89 67 15 45 69 66 38 34 98 13 81 78 92 92 49 63 98 87 35 6 35 100 65 88 67 46 57 20 54 79 
92 96 17 51 78 87 89 72 21 68 30 5 73 86 31 38 61 52 48 71 50 93 98 31 71 94 85 63 16 52 47 29 98 40 99 71 65 13 55 100 26 23 100 45 48 41 71 45 14 97 46 39 19 58 18 100 92 65 66 15 24 46 39 94 61 24 41 4 78 24 78 51 7 63 9 73 97 27 46 83 77 58 43 77 16 85 46 59 41 33 37 28 77 31 21 65 34 76 47 90 
66 100 77 33 38 64 15 8 15 40 20 21 59 44 94 29 20 78 80 16 9 7 54 54 31 59 72 44 25 63 11 35 36 88 100 78 15 47 8 88 63 67 61 92 52 36 92 46 99 93 10 29 71 66 35 78 85 7 85 23 24 25 6 24 37 44 38 23 78 96 28 11 97 92 24 34 91 31 79 61 78 52 40 93 32 17 26 42 54 91 35 75 71 33 14 44 28 77 8 91 
21 36 98 18 87 97 91 80 12 56 11 74 7 92 25 81 51 23 51 40 13 35 62 66 89 97 37 17 95 48 27 38 67 20 1 66 76 75 89 100 74 97 70 44 15 20 99 52 38 56 80 22 55 3 88 1 81 88 68 10 62 55 19 44 78 26 45 7 53 98 91 15 46 16 3 39 87 79 72 45 54 22 94 9 37 59 63 73 38 86 72 56 36 37 19 87 85 75 8 38 
52 45 92 78 79 65 83 26 2 82 54 83 17 51 96 98 27 73 4 12 82 19 71 6 48 31 39 37 60 42 95 88 75 40 62 18 57 22 38 76 38 55 37 86 35 4 82 12 83 83 28 99 38 65 85 19 58 74 78 79 55 44 71 68 97 26 93 38 93 9 25 53 39 46 80 63 17 94 86 76 10 76 74 97 74 31 22 63 45 17 39 22 5 73 2 74 27 10 22 79 
99 66 20 46 20 17 44 82 67 74 10 47 65 59 96 34 80 11 57 86 16 30 96 53 93 95 45 25 98 99 15 71 7 30 83 98 2 94 38 84 23 62 41 100 33 96 31 54 45 42 46 54 92 44 93 12 62 73 88 80 69 44 10 92 17 46 38 56 93 24 83 17 53 20 82 27 44 98 61 33 20 99 75 33 75 56 10 1 70 41 81 22 78 20 28 8 41 58 80 49 
2 28 2 54 20 91 42 84 94 97 15 33 3 77 100 33 76 70 95 6 84 58 44 14 95 85 52 99 43 25 93 87 40 91 53 65 9 97 27 30 10 41 83 92 56 78 42 76 49 78 73 17 88 7 26 37 29 90 50 39 16 19 49 53 44 32 99 51 38 57 70 71 29 9 89 22 86 70 20 38 27 86 15 63 32 35 15 70 81 64 39 55 10 76 31 97 51 57 7 41 
8 81 11 13 2 46 91 26 59 90 22 45 85 95 64 19 91 95 81 77 50 8 58 2 50 1 32 31 34 13 69 40 6 28 34 67 15 74 65 50 29 78 41 21 55 32 60 37 63 29 58 42 35 87 26 11 52 10 82 35 49 57 22 3 35 57 15 57 89 98 85 99 89 91 59 39 98 53 18 81 70 47 28 51 93 84 27 42 7 47 74 82 42 99 27 24 1 62 46 81 
93 27 54 12 72 32 8 18 94 89 49 92 70 41 80 79 93 24 100 58 23 47 77 80 72 22 69 95 21 24 87 12 88 41 7 95 73 80 32 4 30 80 13 52 80 93 16 81 72 11 10 80 23 64 94 53 7 94 71 16 100 1 22 27 89 77 8 7 8 77 41 31 83 36 100 6 62 79 92 22 66 13 70 91 89 10 65 28 51 19 84 98 9 87 8 10 100 1 52 6 
83 49 58 47 42 80 2 51 54 22 58 30 10 2 9 13 42 54 68 2 51 86 93 65 2 79 59 85 88 21 10 17 60 84 17 1 7 78 5 75 53 45 1 54 13 99 3 70 17 55 84 87 6 100 56 54 18 36 54 19 24 23 49 92 35 74 52 17 58 95 19 63 11 91 78 49 52 39 6 47 18 93 93 96 20 51 88 42 28 59 3 35 61 44 25 1 64 79 26 30 
85 41 24 69 93 77 100 99 36 44 85 75 40 61 62 1 39 7 66 100 79 80 32 66 67 93 9 4 9 56 46 82 77 39 32 21 34 96 10 59 14 32 6 30 79 30 58 36 7 52 61 42 57 29 54 93 22 91 65 90 98 85 37 4 48 38 84 33 89 100 63 61 28 80 29 6 23 93 16 35 43 84 17 52 28 88 42 91 62 79 54 89 13 19 77 88 13 93 73 41 
11 85 46 1 63 7 87 70 42 49 51 89 23 15 89 7 1 100 74 56 14 88 82 84 76 73 9 79 91 22 67 14 30 40 61 55 20 92 91 16 97 93 50 98 69 5 93 1 94 92 56 33 57 58 86 12 67 98 96 86 1 84 30 16 6 22 81 70 57 65 54 35 77 36 60 12 22 17 27 100 93 75 95 91 15 82 65 61 19 51 2 68 60 5 71 87 48 79 92 73 
18 87 95 7 15 95 97 16 19 21 99 28 55 70 85 90 31 41 14 13 53 78 77 8 90 100 53 37 70 65 86 52 11 37 66 33 25 45 93 62 23 34 79 46 64 21 2 23 42 63 72 53 13 95 97 58 24 6 76 6 87 84 23 47 6 82 96 39 88 41 53 64 35 62 58 54 39 80 80 67 50 56 22 48 70 32 54 42 42 32 8 60 37 99 77 17 53 45 28 74 
20 41 50 65 17 42 27 1 55 27 62 20 54 90 38 35 23 100 82 100 44 93 35 83 3 59 34 92 96 84 15 37 55 68 50 10 11 40 44 81 26 5 89 91 64 76 82 19 62 82 94 74 37 40 93 43 66 90 75 92 80 55 8 49 51 30 91 19 11 93 21 34 4 73 68 41 68 61 55 90 89 100 18 73 71 98 73 69 90 81 82 7 61 68 21 76 10 29 30 6 
71 16 30 15 5 44 56 70 7 99 94 37 63 52 36 25 85 45 59 75 39 26 45 7 39 64 61 41 56 17 70 81 92 51 20 53 29 59 25 54 56 36 88 86 95 6 9 24 7 48 96 40 85 58 24 61 70 30 15 75 26 7 32 38 73 99 46 88 51 54 24 53 73 23 82 21 68 73 83 32 12 2 14 61 23 97 38 38 57 98 72 7 68 97 15 55 51 39 68 16 
14 40 82 4 96 62 92 59 34 49 44 18 65 61 32 92 82 66 28 48 79 20 40 59 74 15 7 85 73 2 12 26 6 100 43 82 62 52 19 48 44 37 34 76 53 24 24 23 41 73 21 88 57 87 52 22 76 61 60 3 74 72 99 97 47 97 13 26 70 23 39 74 99 64 61 58 75 28 42 16 28 8 63 76 64 10 25 79 6 18 67 79 46 44 96 35 57 35 97 57 
27 68 1 46 5 6 33 24 57 46 79 12 63 81 72 43 16 88 44 29 67 93 46 36 18 13 71 4 77 8 20 4 84 80 59 34 4 56 92 31 96 18 53 7 96 51 5 21 50 47 74 33 24 29 9 6 38 50 39 89 76 53 70 86 2 87 95 62 65 8 69 41 79 88 79 59 36 26 95 19 64 30 11 69 53 60 58 17 17 82 21 79 24 30 84 41 57 57 65 66 
29 37 87 18 29 86 21 37 1 53 67 90 99 73 25 3 72 40 19 54 56 24 81 99 3 35 15 62 20 100 18 54 55 22 38 19 97 45 9 41 98 36 72 57 72 40 63 80 46 82 33 20 60 98 79 28 59 13 36 69 9 46 7 1 70 35 14 47 41 33 41 5 31 27 53 38 58 48 41 36 57 86 79 59 100 48 90 70 34 2 29 92 50 71 98 99 43 64 38 97 
12 89 64 94 58 57 34 98 21 67 13 33 62 39 71 51 9 55 14 9 35 39 24 93 4 95 14 19 47 42 87 76 20 40 56 64 52 7 48 30 18 20 99 53 25 13 73 18 24 59 43 29 87 76 15 97 33 86 55 65 68 9 59 84 7 81 78 56 64 91 89 19 82 21 67 44 52 15 63 52 63 44 17 59 58 4 87 43 66 65 36 71 89 8 85 64 76 50 33 10 
28 34 36 34 95 11 87 52 60 29 76 74 37 59 40 13 67 10 71 55 63 45 80 14 33 34 46 1 72 6 61 10 24 97 18 93 95 92 27 75 64 85 74 6 33 3 11 56 2 88 86 78 76 19 21 88 6 68 28 89 68 34 54 70 35 46 55 49 50 75 19 92 26 7 16 36 67 55 96 15 53 57 7 23 10 9 93 56 76 93 51 65 37 84 46 60 97 43 46 82 
8 63 8 22 28 3 96 1 60 62 60 2 79 77 80 23 68 84 44 83 85 58 55 15 70 98 91 23 28 6 62 70 53 7 23 80 13 70 47 11 25 2 47 71 10 98 3 45 60 9 87 60 34 25 2 52 19 18 96 71 87 85 67 85 7 36 7 85 14 70 52 80 13 24 47 30 47 71 21 45 30 85 71 74 78 96 63 55 13 68 2 67 63 38 41 33 53 13 55 95 
13 90 91 67 66 59 50 79 6 44 80 50 41 35 67 11 6 14 79 55 62 97 33 86 10 98 93 77 70 11 87 15 5 23 92 21 56 78 29 42 48 83 64 90 91 51 97 50 18 9 63 21 13 50 12 85 66 39 63 36 80 42 69 63 56 38 88 26 71 14 8 83 93 57 26 20 89 7 46 19 26 88 25 61 3 79 58 7 68 73 16 80 59 28 27 79 4 13 70 97 
82 4 21 60 4 15 51 79 26 47 24 57 61 84 57 36 39 1 11 47 60 26 8 54 66 17 88 9 63 69 74 98 24 41 60 88 20 91 75 68 63 85 40 96 43 32 7 11 83 97 7 89 73 48 27 18 50 47 8 57 87 83 1 66 97 7 51 82 47 88 24 32 2 12 36 9 46 62 46 50 23 17 89 45 19 11 94 87 72 16 4 60 74 56 27 12 54 88 21 11 
39 47 44 47 77 57 51 98 3 58 93 27 4 7 94 39 24 45 86 59 5 78 22 3 40 49 29 9 8 9 55 29 60 19 29 42 64 28 90 39 90 39 1 14 84 4 50 84 73 20 83 54 4 24 91 95 78 12 28 100 93 63 26 66 60 12 94 67 5 100 27 84 55 62 46 58 28 27 48 57 50 78 22 42 56 31 7 91 36 80 45 38 31 30 66 22 74 60 55 74 
10 21 25 29 6 37 83 81 27 89 31 85 76 70 20 72 70 11 77 77 97 33 62 15 25 4 74 61 34 96 19 42 53 7 9 44 12 37 8 92 67 17 50 21 69 17 53 70 47 42 42 89 60 63 58 18 23 25 90 70 34 100 19 51 2 22 5 64 35 5 26 98 79 53 13 21 95 99 91 73 100 16 86 65 47 36 48 53 34 26 20 6 75 19 53 48 38 24 64 98 
38 41 91 88 18 72 33 17 94 1 32 53 33 46 60 57 57 71 76 71 33 34 36 43 75 11 19 72 61 35 29 78 81 63 54 39 87 57 5 86 41 42 60 25 57 100 89 41 88 83 43 42 9 62 33 22 28 76 88 95 36 35 17 72 20 45 6 80 96 70 20 53 4 71 20 55 69 14 37 35 34 56 80 45 35 71 90 21 49 31 21 31 100 77 20 61 39 84 46 11 
25 98 83 20 16 100 28 58 49 84 87 42 83 89 9 21 45 89 43 100 53 24 14 57 73 40 36 69 87 32 87 40 16 32 96 58 73 85 96 38 55 55 94 42 15 28 25 6 24 2 34 91 38 24 87 89 30 13 54 3 12 15 13 27 51 32 44 93 5 19 60 30 40 50 93 35 22 40 29 30 53 25 16 58 5 91 69 100 24 26 83 61 76 78 10 42 83 80 76 49 
72 16 60 25 45 94 60 82 14 84 78 85 2 94 10 2 76 57 54 46 56 29 63 95 89 2 84 92 7 68 40 28 95 92 8 92 15 12 83 95 91 80 16 71 86 3 57 16 90 43 45 29 85 21 38 19 66 37 78 20 90 58 47 1 47 18 38 10 80 33 8 82 36 65 94 23 37 84 17 16 94 61 91 48 38 33 81 35 97 15 33 93 3 92 72 13 56 45 34 100 
26 95 28 78 100 14 68 71 7 51 58 47 9 98 65 77 63 85 42 20 26 53 57 71 8 38 29 16 60 36 80 9 50 1 28 17 99 94 47 86 17 1 48 1 92 80 30 24 63 95 31 100 64 82 28 78 53 99 86 90 96 13 43 11 16 60 11 58 21 39 44 3 53 35 70 64 34 38 63 23 2 60 68 99 61 26 67 76 86 37 86 34 44 64 72 33 47 27 62 48 
64 83 50 15 44 30 20 23 24 1 39 77 88 67 60 90 92 63 1 3 44 21 81 54 19 40 94 36 71 88 56 79 69 95 90 41 83 94 62 11 62 31 57 51 51 100 96 74 16 53 40 79 60 17 37 49 15 76 16 24 74 58 58 43 17 56 68 24 42 90 61 69 6 42 77 49 99 23 64 72 14 60 69 30 20 92 29 52 74 53 6 57 83 19 66 40 8 43 20 84 
27 26 21 44 7 72 18 95 58 73 13 17 70 24 21 8 41 45 51 77 84 60 37 40 66 77 52 39 52 36 16 13 80 55 57 97 29 64 16 99 25 93 42 75 14 2 57 83 47 66 46 55 31 13 43 31 17 74 18 63 16 93 70 50 60 7 90 64 96 30 46 7 30 52 46 37 2 37 85 15 17 15 36 38 38 43 69 50 82 76 25 44 86 88 87 19 40 23 7 8 
83 79 55 91 95 15 41 71 100 46 28 97 98 65 13 2 97 16 57 58 89 20 71 91 10 32 38 97 74 66 28 60 49 58 24 38 54 100 31 72 56 86 5 53 9 10 94 97 51 45 26 80 86 96 62 8 43 56 62 22 47 24 9 21 95 80 11 72 98 88 67 44 99 98 83 44 39 9 53 76 90 2 84 40 55 22 22 76 56 35 62 78 25 93 53 3 76 33 70 89 
28 14 30 96 79 29 10 75 75 67 58 94 98 51 83 35 99 37 11 28 83 75 100 25 65 56 52 80 8 7 71 44 97 80 31 28 55 15 28 14 40 9 74 19 53 31 40 38 43 78 49 23 10 8 27 63 19 71 3 41 82 30 10 30 15 76 83 37 77 87 75 5 17 58 50 80 50 47 21 36 74 29 56 17 92 55 65 15 97 70 28 46 47 54 32 56 72 92 75 7 
42 44 4 92 38 73 53 65 4 42 91 55 58 29 84 52 66 51 9 44 81 56 29 20 76 52 71 62 61 40 47 95 74 34 7 84 12 46 66 24 97 26 16 59 64 13 47 23 87 51 84 48 21 60 9 89 72 79 20 65 59 37 42 65 51 20 45 77 100 60 98 65 78 79 50 84 73 71 93 66 37 64 18 67 28 30 53 85 48 73 95 13 47 73 21 6 57 52 38 39 
76 9 92 59 9 68 67 5 75 39 51 53 87 32 32 55 96 3 96 80 97 71 12 22 87 39 44 72 9 14 18 15 63 92 28 63 18 44 21 86 9 60 83 52 64 63 48 83 10 1 6 49 41 53 27 34 69 65 57 7 80 63 46 46 3 54 11 31 63 60 87 58 2 89 95 84 92 66 98 5 36 92 31 65 14 62 41 94 59 14 99 63 8 6 7 50 91 87 12 72 
52 90 61 19 47 44 84 5 56 29 56 4 91 58 5 53 81 52 75 98 36 51 80 96 64 38 23 39 53 78 23 89 30 22 92 9 20 16 19 59 7 97 39 39 32 46 10 16 82 37 5 96 96 84 92 48 44 72 56 82 73 88 33 63 12 76 52 57 40 28 74 62 27 97 68 58 27 53 15 76 31 53 66 18 85 95 10 43 62 8 59 50 37 86 72 52 31 75 93 69 
33 45 36 86 65 37 56 10 32 88 97 24 66 25 52 40 19 71 4 25 90 49 86 94 50 34 57 71 92 95 13 57 20 26 79 26 87 5 3 94 89 88 5 97 17 31 79 30 28 80 45 73 31 41 36 20 57 49 97 32 1 12 90 82 8 86 79 91 80 34 6 9 32 47 9 19 49 63 73 16 13 1 6 7 17 8 32 6 15 58 33 57 47 64 59 9 84 62 62 67 
24 58 51 79 7 43 53 62 92 24 66 48 61 63 99 91 85 55 34 30 87 77 64 20 96 58 20 29 24 5 5 50 98 19 9 62 51 12 85 85 6 71 44 85 66 28 38 6 78 5 95 70 64 77 77 47 85 19 11 20 57 70 1 39 91 68 39 53 79 44 93 27 73 58 39 30 31 85 38 19 7 60 80 18 41 31 76 25 2 91 64 46 43 24 100 69 50 57 28 28 
14 21 35 38 89 84 95 7 8 25 13 77 56 3 83 4 40 15 21 13 69 35 8 94 73 31 37 55 73 77 43 35 55 3 78 29 35 78 64 2 11 54 33 39 38 18 58 96 81 72 60 13 1 56 31 91 39 39 29 6 75 48 32 42 93 76 46 30 68 25 32 81 25 2 46 72 99 83 64 24 96 76 8 71 97 17 91 18 12 65 32 88 86 81 73 82 27 74 20 28 
83 98 39 81 77 93 69 3 34 24 60 43 45 32 71 9 6 86 66 74 21 91 88 88 45 27 63 7 43 24 98 56 86 54 88 49 53 31 32 22 5 5 51 61 73 67 57 52 11 93 82 42 46 60 34 42 12 22 55 60 89 33 91 5 91 68 62 37 22 34 17 48 81 85 24 23 76 1 48 33 5 69 93 88 34 11 39 18 27 23 60 39 85 42 58 23 46 14 24 84 
77 49 36 46 88 39 74 100 24 79 22 19 18 67 9 86 96 56 41 42 77 7 58 81 87 45 19 25 70 7 57 29 46 70 86 3 9 13 63 42 66 82 17 13 17 16 13 30 67 19 42 46 94 90 80 13 63 37 59 34 34 1 31 6 51 61 2 73 38 19 57 24 18 38 15 63 3 5 76 20 57 84 72 47 24 18 84 80 56 11 43 10 46 69 99 45 84 21 43 28 
28 16 42 55 93 27 44 13 83 36 22 97 12 23 43 51 21 10 14 86 27 52 79 59 51 42 79 89 33 66 34 10 38 73 12 96 6 34 98 15 68 50 59 84 81 57 78 21 21 11 24 84 65 40 69 84 35 88 96 33 62 48 97 63 76 27 26 94 74 58 67 83 99 93 19 49 5 75 6 97 7 72 64 78 6 91 92 23 60 50 42 99 15 37 49 34 58 52 16 6 
78 79 28 84 91 89 30 83 23 66 7 79 92 76 28 50 27 82 54 35 91 22 47 1 53 39 73 89 59 57 33 66 61 93 13 41 35 56 42 89 7 58 99 86 37 56 4 100 69 83 61 62 90 85 52 28 51 85 98 34 82 22 26 45 8 70 38 62 72 42 4 17 92 17 74 15 54 38 84 13 85 54 71 9 96 81 17 49 63 3 18 20 61 45 49 69 19 78 47 49 
86 89 8 87 4 10 49 5 60 93 49 59 86 87 53 75 17 1 10 33 78 62 13 14 48 22 59 46 4 18 15 98 13 12 33 74 71 98 20 93 53 17 100 57 4 12 24 46 81 32 12 10 89 73 48 44 76 61 22 38 33 89 84 2 21 10 31 34 73 53 94 14 75 6 71 54 92 23 30 83 78 73 14 72 30 20 23 10 7 67 62 55 23 11 52 49 82 63 31 67 
36 35 15 61 30 1 72 97 99 72 26 25 77 52 45 3 92 39 32 96 70 97 99 6 18 77 51 22 29 2 79 53 7 52 55 85 92 77 63 90 9 77 91 61 74 93 100 82 90 67 48 82 11 68 53 40 90 66 39 51 97 20 26 11 44 85 78 85 2 80 15 76 98 5 7 66 73 57 54 55 32 23 60 57 74 82 20 58 59 31 71 60 27 86 43 38 91 7 29 49 
24 74 37 70 98 37 70 21 80 80 55 93 6 96 13 73 18 83 100 83 18 61 90 87 92 38 7 28 82 33 28 45 84 62 31 56 96 26 57 65 78 59 84 48 24 27 11 46 23 31 56 7 40 53 100 58 4 47 96 80 84 35 67 90 1 16 55 53 85 32 28 60 52 41 32 24 88 63 19 94 28 17 43 58 29 99 72 90 92 64 85 20 70 2 49 89 1 97 83 1 
90 13 9 47 72 56 29 77 41 25 54 29 65 6 94 55 88 53 55 98 30 16 10 7 10 75 49 27 92 36 67 46 14 85 4 80 93 4 52 73 27 62 47 18 44 96 87 81 77 56 52 73 3 66 79 66 15 41 40 81 45 25 36 18 49 51 29 89 5 90 47 14 87 63 85 51 93 22 24 59 64 40 62 61 4 35 60 83 69 32 44 42 72 22 70 54 53 21 73 97 
42 96 15 42 47 39 10 7 14 51 9 33 64 4 86 52 89 47 51 18 72 36 15 28 19 13 16 11 83 72 29 20 54 45 34 55 14 40 42 26 96 30 15 25 77 98 32 39 88 78 4 66 23 84 56 19 15 37 2 72 35 30 94 64 33 13 43 79 11 66 15 10 54 95 17 100 49 90 8 89 76 19 25 91 76 60 21 24 4 96 44 86 50 72 85 63 67 86 97 98 
64 72 60 82 82 89 28 42 79 57 22 3 69 59 3 60 51 70 87 8 74 67 74 53 58 68 51 11 42 66 41 82 100 26 64 26 88 38 43 6 28 31 59 51 31 10 7 63 25 63 66 24 51 25 71 6 48 68 66 43 47 36 60 17 47 48 52 24 56 16 6 26 100 91 17 57 63 14 20 48 68 88 89 4 61 4 34 48 71 18 40 22 49 51 16 73 83 48 85 92 
41 84 60 6 53 50 94 43 25 93 94 83 37 73 45 18 99 18 19 72 24 26 40 80 40 70 66 9 29 2 27 8 44 55 71 1 82 47 10 15 91 87 55 99 20 87 26 90 83 80 88 76 51 12 4 21 71 54 100 46 66 77 56 96 90 34 63 51 83 88 65 12 57 64 14 40 72 93 95 53 72 83 22 22 8 98 77 36 65 34 92 17 11 66 84 84 99 1 13 2 
43 14 56 2 20 54 50 77 44 79 64 52 21 56 64 88 69 8 100 84 3 89 36 32 83 100 45 99 56 34 27 70 44 90 5 53 95 46 74 18 100 13 80 43 18 54 20 33 50 26 52 42 76 75 9 61 71 77 38 49 71 58 5 27 9 9 89 87 1 86 27 23 56 63 94 97 10 8 88 2 78 29 72 92 29 81 47 89 28 80 63 49 43 22 42 64 90 85 34 15 
41 69 87 47 12 10 77 62 32 27 59 45 88 84 44 24 4 31 42 71 33 77 58 8 92 19 28 10 62 23 28 83 4 91 20 28 77 93 17 36 9 5 4 59 85 44 92 27 19 79 57 40 52 39 6 30 84 89 90 34 94 28 12 94 28 94 95 82 40 85 37 43 39 12 51 18 58 26 18 3 12 19 4 7 1 88 21 68 45 60 88 13 71 29 17 35 87 77 57 87 
4 42 26 75 75 47 77 74 77 13 50 78 89 9 81 40 76 16 62 46 78 35 77 51 90 59 10 18 22 67 18 31 17 75 19 56 63 97 5 34 33 9 94 28 90 94 19 94 83 86 51 64 54 11 20 81 32 32 83 34 96 92 51 45 34 96 85 73 6 39 92 53 73 45 62 62 68 91 47 77 51 26 26 71 78 72 86 27 8 59 29 38 96 17 98 98 88 78 31 10 
76 15 28 22 13 50 98 86 29 15 6 93 82 4 66 63 5 97 7 57 21 82 18 33 31 41 73 48 25 93 95 41 1 35 10 89 63 26 5 6 50 28 6 9 60 11 14 45 83 8 60 96 4 48 45 6 77 83 36 74 77 18 44 42 7 95 74 64 95 10 96 26 71 5 90 88 78 33 53 22 72 47 63 31 83 29 95 42 64 91 66 16 83 69 94 87 73 90 64 40 
45 66 61 46 6 17 53 88 10 18 10 43 37 40 91 69 38 79 67 90 98 88 68 37 64 10 1 21 70 52 22 92 47 6 52 19 71 52 34 39 43 41 88 56 57 39 81 89 36 91 100 11 38 62 33 14 5 58 63 55 32 53 65 34 52 52 20 96 21 17 59 10 14 12 65 15 75 90 79 10 87 96 67 25 32 53 9 3 31 15 36 94 24 88 33 81 20 27 33 9 
25 12 95 54 81 98 62 46 56 8 7 1 39 99 81 81 1 13 88 85 93 36 98 92 96 93 89 75 78 52 9 84 23 7 10 71 93 54 52 47 36 69 5 15 57 39 40 45 14 32 65 56 14 52 7 80 17 45 38 39 60 70 48 8 12 64 50 30 52 6 64 4 2 62 26 11 14 91 66 60 16 26 95 41 9 37 52 2 79 30 1 71 27 5 19 3 9 16 95 92 
2 84 55 30 69 39 100 77 45 48 82 95 52 71 86 4 27 25 34 82 35 46 15 68 28 77 2 25 80 87 65 64 72 33 90 33 48 66 95 78 21 50 41 76 46 95 88 96 47 77 20 20 45 52 66 79 42 6 11 12 51 71 38 98 38 87 19 22 57 48 66 94 26 94 61 62 28 68 4 73 33 43 18 51 1 100 28 95 27 89 52 50 57 73 88 88 7 40 97 54 
77 84 53 31 13 1 32 73 94 64 81 71 18 46 91 29 91 81 64 11 62 95 57 68 95 97 74 70 87 28 22 24 16 43 69 16 42 81 23 11 12 84 18 71 91 23 87 87 48 50 4 22 20 58 54 84 27 31 91 2 11 84 79 30 32 17 69 25 43 74 19 92 17 77 68 67 12 10 31 76 51 77 52 55 64 17 36 20 80 45 30 26 99 23 14 73 66 83 23 46 
2 67 37 80 21 19 60 97 7 14 63 59 64 75 18 59 19 47 28 78 7 84 32 93 50 13 56 35 92 37 94 98 18 92 80 8 41 20 72 97 95 69 71 90 23 36 82 43 63 89 50 35 27 34 10 100 83 2 97 30 64 79 56 61 78 51 71 98 9 66 22 94 86 6 40 74 38 72 15 3 71 30 33 84 51 72 82 7 62 5 88 22 26 79 78 97 74 61 55 24 
95 69 56 74 97 92 90 58 35 28 61 63 67 52 66 64 60 49 28 1 77 7 5 76 57 7 100 25 4 22 78 49 88 6 31 43 100 39 36 5 21 4 95 9 26 4 54 48 69 98 67 70 85 96 76 5 43 31 8 40 56 5 60 79 55 7 4 77 12 41 28 33 9 70 11 58 96 29 67 6 5 76 19 62 42 34 29 98 20 78 98 87 78 24 59 16 89 53 43 89 
3 32 89 35 68 76 28 1 70 71 41 55 18 35 95 61 48 87 90 13 70 31 88 91 76 23 37 77 23 30 51 11 25 100 69 34 98 2 61 42 99 27 49 90 74 91 95 93 9 67 67 28 39 100 98 92 96 27 29 23 28 49 35 58 22 57 21 65 57 38 35 57 48 21 25 20 32 52 66 62 59 49 77 99 56 51 40 82 24 30 7 17 8 47 99 56 52 64 45 92 
50 10 23 68 63 55 26 20 68 63 63 11 9 64 87 82 82 1 76 53 74 10 71 15 8 11 88 45 36 98 81 84 32 15 31 38 47 6 63 6 19 43 48 30 23 33 61 21 88 33 9 47 9 6 47 97 91 36 72 64 93 98 5 70 58 82 1 48 45 35 75 24 26 72 40 65 61 97 12 100 79 79 11 65 56 6 21 72 82 16 52 20 1 95 93 37 22 64 74 100 
34 47 5 74 91 92 9 58 8 7 9 15 53 32 49 12 46 30 91 10 61 83 5 77 42 62 23 6 28 51 60 83 23 10 35 47 13 4 19 100 44 8 2 21 43 91 17 85 40 62 73 52 16 69 30 46 4 32 33 27 19 30 70 33 83 85 58 13 78 90 56 66 58 84 89 79 13 84 72 95 11 33 80 69 25 55 34 46 67 28 42 46 24 90 32 82 78 69 21 46 
91 65 64 43 95 51 62 77 9 33 88 46 19 16 75 31 73 65 42 91 41 85 81 47 16 52 90 38 64 36 75 42 71 8 73 3 26 27 21 1 43 68 91 6 21 65 63 9 75 33 1 47 52 36 25 10 21 54 98 10 62 80 54 65 10 6 79 20 34 8 57 22 11 54 55 26 91 96 18 90 69 75 17 8 13 57 83 96 12 1 68 12 4 76 18 76 7 2 20 12 
7 54 58 4 6 66 53 50 89 32 51 13 16 48 46 32 59 47 2 1 98 67 33 73 65 40 8 41 100 68 81 25 87 48 51 73 83 86 53 26 32 47 94 73 55 87 99 88 4 57 4 57 46 100 72 11 68 91 58 77 69 91 83 42 30 22 28 54 86 54 70 26 80 53 60 90 99 82 61 99 62 84 66 86 21 33 56 48 10 44 57 8 58 26 73 69 55 29 15 89 
100 26 63 98 13 94 20 6 81 51 15 99 93 41 29 74 42 96 47 18 10 89 20 62 88 73 31 100 35 90 80 46 17 84 87 48 43 39 100 71 98 10 31 15 68 85 4 34 90 23 85 87 99 28 42 49 65 15 10 59 90 40 23 91 75 93 71 39 53 74 28 78 6 62 4 40 12 40 5 11 72 60 68 9 63 96 10 43 63 7 38 39 86 31 20 10 51 41 18 15 
47 52 12 30 33 11 46 88 91 10 25 13 46 54 84 83 75 65 86 90 40 29 80 52 55 84 77 79 21 53 82 42 32 11 96 45 76 58 4 62 68 52 89 97 46 31 48 40 69 37 24 86 62 90 31 50 92 29 57 90 48 26 82 34 91 36 6 70 94 53 82 85 33 85 65 54 36 36 96 52 63 51 46 22 70 12 40 43 41 15 39 74 83 20 2 4 4 68 56 14 
84 96 42 38 43 93 40 31 29 47 17 18 23 83 7 11 8 37 39 51 54 11 77 42 99 37 26 38 9 11 40 55 52 98 9 12 71 91 66 56 91 81 75 9 62 96 7 81 47 41 64 24 48 63 75 54 6 59 8 55 83 64 83 43 60 2 73 4 73 49 61 8 33 3 11 56 70 20 2 8 95 24 28 83 54 64 13 96 23 26 42 90 6 62 74 30 40 97 33 17 
28 49 18 48 43 32 33 85 95 69 56 35 78 31 28 53 40 11 7 40 15 60 74 38 49 44 15 12 55 55 36 74 31 73 42 67 85 62 40 18 86 49 6 65 29 2 40 100 99 54 28 28 31 92 84 53 66 63 11 13 63 83 25 35 62 8 37 47 80 17 90 97 11 72 16 48 67 61 10 96 80 4 10 36 26 7 16 74 69 98 53 94 74 67 43 41 20 4 100 53 
19 68 17 83 51 22 31 63 40 48 85 21 31 96 62 86 37 47 45 91 51 88 35 67 48 1 66 12 87 21 75 91 37 56 12 99 40 36 52 81 36 95 45 60 7 50 43 77 82 67 17 88 93 67 35 9 11 43 86 4 62 2 25 22 20 16 72 48 80 78 10 41 7 26 56 95 7 31 93 26 69 91 13 57 91 49 6 40 42 11 27 29 30 63 53 57 38 30 5 82 
7 69 7 14 93 58 45 61 23 13 24 81 55 7 54 12 97 89 33 86 21 53 82 28 17 62 9 87 18 28 40 48 81 67 37 37 8 89 83 66 58 38 38 93 34 27 17 54 10 97 16 100 41 87 48 49 43 39 81 91 29 65 85 38 62 5 70 62 47 43 32 20 98 98 4 72 15 74 98 31 76 84 74 15 43 98 69 14 17 46 61 89 13 51 61 10 55 49 97 100 
25 22 7 4 28 76 56 81 12 48 53 6 17 53 23 28 5 75 94 73 41 93 10 15 69 43 35 58 77 41 77 28 49 70 85 22 55 33 88 55 89 9 39 75 84 78 77 84 14 3 11 89 10 71 66 12 59 74 63 43 35 83 83 70 57 56 63 98 37 19 98 46 88 25 79 45 29 62 35 74 72 7 88 89 33 94 50 74 21 63 63 26 2 43 85 23 87 20 77 8 
91 82 38 84 98 2 13 97 29 36 25 35 77 34 11 48 73 83 62 7 43 66 24 14 17 75 9 86 29 72 40 29 13 89 79 41 9 54 26 91 89 77 18 4 76 57 67 46 12 31 26 99 27 89 46 96 44 14 94 87 43 93 100 73 61 98 11 57 28 59 40 54 96 14 66 66 40 51 44 43 23 71 16 40 45 78 23 18 24 71 37 58 63 28 59 67 68 9 90 19 
50 35 36 55 82 82 34 85 56 48 4 1 68 49 71 39 74 77 80 49 86 72 27 22 96 15 53 64 95 81 63 10 34 73 70 89 50 16 3 39 63 26 41 18 83 8 87 13 70 6 32 29 9 95 96 94 77 8 88 14 35 61 80 88 78 98 41 23 3 12 45 46 43 32 100 55 8 34 37 74 49 78 58 74 100 27 93 68 55 46 42 47 42 36 69 80 76 65 3 4 
4 68 23 25 51 12 98 88 54 67 58 36 81 100 20 12 6 50 38 61 43 23 18 37 64 26 33 29 86 54 80 33 86 26 41 85 65 83 71 2 40 27 46 24 39 6 56 82 89 34 55 97 1 89 86 61 51 24 87 57 63 50 87 7 31 64 59 46 68 86 4 53 7 66 49 49 67 34 15 9 2 68 7 12 77 59 92 86 39 73 69 23 9 59 22 47 48 24 61 30 
95 45 77 3 89 93 56 87 36 22 6 97 34 89 25 13 27 17 78 15 74 45 53 58 91 12 45 49 33 100 64 82 75 19 79 15 54 100 55 98 85 77 69 67 5 45 62 91 4 55 54 71 95 41 63 24 60 31 58 54 78 29 3 74 72 30 6 3 81 7 69 59 70 72 43 76 87 25 1 19 70 92 30 94 39 47 84 78 21 17 41 92 60 45 70 68 15 31 50 87 
18 27 97 96 11 72 3 38 70 62 9 92 82 5 38 7 72 74 40 77 75 10 47 6 81 95 57 21 73 50 82 76 32 91 87 83 95 85 48 42 40 45 76 87 32 77 49 7 56 49 29 5 28 8 54 97 98 48 41 21 36 62 89 58 46 8 53 53 15 38 44 30 94 2 82 86 89 19 78 27 91 85 11 94 33 49 17 31 59 68 94 32 86 53 6 91 38 40 88 38 
71 25 46 95 12 30 99 93 92 13 20 99 37 46 41 38 87 6 64 85 19 42 87 48 43 54 67 67 43 11 31 6 11 79 17 42 5 100 22 22 58 3 33 75 43 34 7 63 64 15 43 25 69 16 77 29 45 44 84 82 36 34 79 6 68 100 100 13 1 22 42 61 43 85 93 29 95 73 43 42 5 88 98 14 71 48 99 82 71 7 96 91 29 89 95 100 23 92 70 22 
94 32 67 93 56 92 57 76 78 50 60 74 18 15 17 59 5 70 44 43 61 99 30 36 73 61 100 12 71 48 40 11 15 9 92 52 67 59 33 29 20 24 16 62 34 2 20 12 56 24 84 1 52 85 26 25 19 95 59 42 47 41 55 47 75 73 23 72 32 19 94 37 54 1 85 61 92 68 37 62 60 25 4 30 83 2 81 45 100 76 8 1 79 3 2 36 83 97 90 36 
96 11 44 7 22 98 25 94 56 31 1 45 82 43 58 96 72 99 57 58 19 67 48 100 2 75 89 7 93 90 66 54 29 59 78 87 29 58 88 30 57 13 34 3 75 34 54 9 31 88 40 61 52 94 74 87 31 21 96 40 40 31 51 55 68 21 81 3 61 28 85 26 45 77 29 68 59 94 66 36 43 36 39 7 79 55 56 17 44 91 49 47 31 52 96 69 1 21 10 81 
62 24 18 90 2 53 49 6 96 49 60 28 55 76 92 76 7 94 35 84 49 26 63 36 35 95 42 28 10 76 22 32 29 30 33 36 76 68 100 67 77 49 87 11 68 44 44 81 57 78 77 13 59 75 24 41 17 3 53 9 1 77 75 94 72 67 40 95 95 61 78 49 55 6 46 51 49 85 14 27 10 46 28 56 22 93 45 33 97 36 98 43 25 9 72 18 90 14 6 80 
43 30 64 67 45 36 40 40 44 62 18 19 41 91 31 60 39 81 50 36 14 23 53 16 74 96 24 100 44 26 100 64 7 51 79 48 89 27 19 62 76 28 62 51 48 66 67 17 92 23 1 43 25 6 88 87 61 4 97 46 26 23 100 62 2 19 86 2 32 85 73 8 20 3 61 66 69 74 15 9 65 93 23 51 51 23 18 31 43 63 29 58 16 29 83 16 100 70 3 18 
61 4 42 62 6 5 94 24 93 36 68 98 49 34 91 57 79 88 65 94 67 13 65 90 28 64 86 6 2 60 53 48 47 47 36 94 61 64 36 22 26 60 43 54 37 24 100 6 6 23 14 7 29 66 65 56 7 7 23 8 31 45 25 86 15 15 79 18 63 11 17 4 70 3 15 67 25 67 27 91 57 65 95 80 30 34 7 41 27 35 24 42 28 14 26 6 12 91 61 71 
4 17 61 97 33 93 40 47 58 74 84 10 32 56 84 32 47 87 92 74 35 53 61 68 82 89 89 55 14 99 10 54 2 98 31 23 76 18 96 39 22 6 25 3 64 21 59 49 96 63 31 7 9 3 6 27 97 40 90 10 94 79 67 4 22 78 10 15 34 20 94 77 39 30 72 49 70 67 90 79 51 32 37 56 42 82 33 27 91 4 59 26 79 68 65 72 57 78 43 9 
88 48 41 45 49 79 16 6 97 24 59 23 22 36 54 27 98 48 99 74 60 89 90 74 80 8 27 15 85 44 67 70 57 14 89 60 57 77 24 79 38 96 74 19 100 72 16 96 38 29 53 98 22 90 9 93 60 31 13 15 32 27 55 4 86 58 32 43 61 64 6 69 65 58 45 44 45 97 52 32 27 95 77 49 25 2 47 32 77 93 73 31 70 48 46 56 99 8 43 30 
82 82 100 75 59 84 31 26 44 11 77 32 98 12 88 49 89 14 64 23 70 59 4 47 36 25 11 100 12 33 78 79 43 37 15 72 33 6 67 14 9 78 65 70 21 11 65 45 57 31 8 13 77 71 50 47 73 41 18 52 27 51 62 2 23 41 17 9 48 89 13 22 93 25 54 96 22 97 74 84 2 9 33 18 54 68 96 81 99 27 69 84 12 15 19 16 35 21 16 75 
41 21 56 46 73 68 15 94 74 100 59 78 20 93 10 20 85 15 79 64 32 71 13 85 33 30 32 63 39 51 11 46 83 78 85 90 47 29 65 96 85 92 20 83 95 17 19 54 91 62 23 73 57 28 60 82 47 47 61 14 21 89 16 35 32 22 34 15 90 64 55 72 2 75 39 95 57 72 4 19 62 33 36 47 15 55 92 19 43 16 5 59 52 64 10 58 88 41 58 11 
16 52 81 6 93 68 81 71 83 57 18 55 62 69 32 96 16 100 33 97 10 10 80 7 14 22 13 2 63 60 63 61 1 6 65 43 12 32 26 95 81 42 8 2 76 8 2 48 28 31 72 50 4 8 45 24 1 49 43 84 89 51 51 93 77 91 94 44 91 59 92 24 85 65 7 4 26 79 21 93 3 36 54 60 20 100 99 22 48 15 12 81 75 37 65 43 62 48 24 87 
36 30 44 28 57 99 27 1 22 74 72 86 70 73 87 78 52 23 3 70 86 82 5 1 13 63 47 27 20 66 53 29 55 100 64 66 23 9 59 91 48 24 9 85 2 22 33 83 90 79 99 94 53 1 39 47 31 13 17 57 77 46 25 50 31 4 29 86 60 89 60 79 55 46 49 1 67 98 73 72 28 11 56 20 90 28 5 2 77 10 53 61 52 21 63 18 58 61 35 44 
42 48 23 1 55 58 37 35 100 9 49 53 91 84 32 22 39 56 37 100 50 57 27 61 43 57 57 96 39 22 97 5 96 17 91 81 19 28 8 80 57 4 8 4 97 10 31 83 61 39 39 45 16 12 53 61 55 47 87 13 95 29 35 99 98 54 61 43 25 74 55 76 32 89 32 83 20 82 21 78 2 65 62 59 55 82 93 46 83 62 23 36 89 78 76 8 28 44 11 7 
83 58 51 6 84 33 18 92 11 46 48 79 45 40 25 69 35 93 60 89 21 11 98 70 14 12 59 84 90 60 46 86 25 81 59 47 17 37 76 75 68 75 56 27 81 14 45 6 79 52 31 32 73 2 34 67 55 19 12 15 52 55 92 81 86 55 81 62 4 47 80 6 82 20 72 69 37 65 39 2 25 18 16 73 58 40 67 91 94 19 81 46 76 31 94 5 5 83 95 42 
53 25 22 80 27 94 89 71 46 98 74 61 54 61 48 90 15 16 56 89 17 77 53 45 88 49 56 23 31 42 46 85 53 83 63 94 59 15 27 16 33 66 26 10 23 34 96 97 20 55 41 17 58 52 68 79 87 57 21 47 37 92 75 33 69 41 56 25 72 100 77 63 49 73 90 50 35 56 64 80 39 18 20 60 53 80 99 23 79 18 5 80 70 4 33 86 85 34 49 74 
87 36 66 27 85 82 21 19 16 80 28 13 16 43 17 59 69 78 58 90 66 72 73 36 82 44 63 67 55 35 25 72 16 30 90 42 91 42 76 40 63 67 25 68 31 84 75 54 45 89 65 13 52 55 44 24 60 11 38 89 66 48 48 24 88 28 65 14 76 44 34 65 34 71 62 72 97 87 18 9 35 15 68 87 71 92 62 13 9 52 38 53 52 67 33 90 70 75 11 49 
6 94 28 11 65 83 14 55 19 81 56 89 8 33 73 5 51 51 33 15 95 96 36 79 96 6 2 32 36 22 91 35 29 86 40 55 65 29 28 77 39 15 24 72 28 49 23 94 33 1 8 29 31 31 62 68 76 31 19 77 90 58 95 85 29 64 47 1 50 38 84 92 64 9 71 64 87 41 15 90 23 94 47 63 84 87 24 21 82 33 51 91 75 33 61 17 12 97 30 32 
23 57 73 28 19 37 77 4 32 60 18 69 48 22 80 45 61 17 93 1 28 28 58 24 67 50 21 66 31 36 53 6 71 65 38 92 46 73 12 70 97 35 28 14 81 68 50 81 80 3 92 8 82 52 45 42 33 5 25 48 98 33 73 76 26 92 34 28 6 84 21 14 20 50 64 53 97 57 78 100 16 79 35 59 84 10 22 16 8 8 93 20 59 79 46 25 71 87 97 15 
88 38 14 26 33 54 37 48 46 93 86 95 48 76 72 81 42 87 65 57 71 5 77 83 70 6 30 52 6 66 76 24 37 9 57 100 53 55 69 1 46 29 94 26 12 60 5 35 55 80 88 94 79 72 48 87 22 97 89 30 31 58 12 90 64 43 84 52 79 31 33 35 83 98 62 20 54 8 70 82 75 94 4 2 63 58 77 43 57 15 37 5 33 78 72 59 61 83 20 62 
43 31 89 83 60 83 96 32 72 65 90 37 31 40 16 54 78 15 83 86 53 51 24 48 10 81 100 59 47 94 15 58 3 80 65 2 100 33 56 80 85 94 5 22 15 89 15 30 46 100 15 43 80 80 100 90 89 66 62 38 95 3 26 93 49 74 93 42 66 15 31 73 51 12 55 35 20 80 80 26 58 56 93 35 6 46 37 64 63 18 17 50 25 35 28 90 71 90 39 24 
81 16 17 91 11 70 37 79 86 37 39 94 14 32 96 38 27 77 29 45 71 10 46 24 30 45 100 89 38 2 82 82 45 45 78 40 84 50 8 95 83 63 3 51 37 38 10 99 26 87 72 47 17 63 39 13 98 59 24 65 20 69 18 18 47 68 95 71 81 97 29 9 99 34 57 26 19 27 6 76 90 90 3 58 100 94 63 41 95 85 66 74 15 91 3 26 90 85 23 29 
79 16 58 13 70 9 22 4 73 99 92 16 20 7 67 69 95 87 63 72 79 55 95 87 73 36 33 89 95 88 23 80 93 64 54 59 28 89 52 92 16 99 69 31 60 31 86 60 94 90 8 66 20 82 70 26 82 70 70 61 27 29 49 42 77 81 78 27 56 42 27 96 88 74 17 74 66 12 47 95 15 7 13 63 41 59 55 68 2 47 4 12 6 81 72 75 52 37 95 42 
59 28 64 88 44 19 49 63 18 14 88 48 69 53 25 100 77 44 4 5 42 91 95 99 69 1 28 63 61 9 98 11 27 43 39 14 62 28 69 97 84 58 28 54 99 75 48 4 38 27 64 69 5 52 17 24 22 43 20 98 94 6 18 2 41 91 33 69 90 44 63 90 87 14 79 38 71 60 1 38 11 55 8 11 8 81 97 75 3 52 21 85 23 62 97 55 5 92 33 4 
20 97 22 33 92 90 86 66 52 11 88 66 73 99 74 94 95 24 76 49 73 56 74 69 45 48 69 60 71 37 16 98 97 20 7 100 96 58 70 40 3 64 48 96 11 16 34 60 69 99 62 96 24 77 78 29 58 61 81 34 73 90 99 33 74 69 74 39 42 88 98 62 77 22 3 51 65 69 81 63 97 23 100 44 70 86 85 28 68 100 89 88 46 34 60 81 89 15 55 46 
88 14 48 86 14 53 80 3 35 55 54 16 8 54 79 55 80 82 7 46 55 52 96 15 98 60 23 2 64 91 27 33 75 25 14 13 60 31 88 61 41 62 71 55 17 5 33 14 18 56 44 6 52 98 21 15 21 57 63 84 21 55 49 14 85 1 85 81 52 92 43 18 14 31 27 28 93 71 77 77 13 62 69 8 16 76 50 80 53 72 65 9 4 99 85 65 50 40 91 27 
42 46 33 9 84 38 1 58 52 80 9 65 96 58 87 24 2 66 21 45 1 41 15 55 89 1 46 45 88 78 5 84 83 3 21 9 88 27 50 43 55 11 69 92 27 81 25 8 41 21 30 78 85 8 30 67 24 3 77 75 78 97 44 46 7 39 83 61 37 62 58 59 45 58 97 64 98 5 65 34 56 11 69 98 20 53 24 31 69 96 11 48 93 59 35 45 22 56 2 99 
49 77 56 53 2 61 13 51 31 91 49 55 62 75 71 50 31 72 15 34 16 24 5 54 100 92 54 12 74 88 68 22 33 27 51 96 91 68 50 61 42 72 33 78 65 24 66 83 25 45 46 19 89 83 23 91 60 29 79 26 75 36 23 90 66 78 99 53 91 10 41 76 8 94 68 30 95 71 84 3 32 78 74 8 34 84 83 67 85 78 57 5 16 34 16 81 72 5 37 97 
52 43 91 66 53 78 63 3 16 47 17 81 6 3 69 33 86 52 57 98 2 63 5 60 42 14 52 39 41 56 21 31 94 94 23 5 26 16 86 14 84 61 26 94 92 34 71 78 56 36 68 45 12 3 68 60 74 36 92 71 41 38 77 50 16 10 95 60 86 52 75 54 62 59 84 37 25 4 20 49 19 94 38 4 72 10 99 26 45 94 24 19 51 93 38 87 43 77 67 84 
4 44 34 40 40 28 31 25 61 8 58 74 80 91 26 100 49 74 65 29 11 92 98 43 66 92 95 15 60 75 86 11 28 69 4 93 64 55 82 17 93 74 20 20 53 8 40 44 33 58 44 7 48 39 35 37 5 23 99 34 76 86 2 5 92 41 14 88 57 84 24 66 63 86 84 84 53 97 33 13 75 20 1 14 83 75 16 39 16 72 80 2 7 1 22 87 21 6 44 33 
55 75 73 18 90 38 78 39 45 24 49 80 66 58 49 68 93 41 24 10 86 40 59 33 34 66 51 27 58 81 78 86 9 85 55 85 51 20 56 12 72 59 92 55 40 44 77 1 20 19 46 86 41 45 58 77 87 73 31 93 78 86 56 36 95 36 32 33 92 63 22 33 43 89 80 66 28 29 37 21 20 69 14 12 36 3 75 15 72 87 9 96 84 97 20 79 36 67 43 49 
28 27 64 80 55 44 92 56 68 8 32 38 2 83 32 80 56 12 82 51 78 23 29 18 59 66 31 54 58 9 49 34 70 3 95 25 32 94 29 76 99 72 89 87 29 62 55 29 27 40 90 81 56 25 80 44 28 4 74 57 92 25 38 29 2 44 81 48 62 20 52 74 44 8 97 81 96 91 67 62 79 45 21 55 24 29 20 70 64 19 12 58 98 30 2 51 27 53 97 66 
85 61 99 83 72 27 96 24 33 28 52 49 74 87 58 24 80 57 44 41 64 98 6 99 29 16 75 61 50 52 70 87 26 4 8 68 13 53 83 92 41 69 66 23 16 69 11 93 17 8 49 88 11 61 28 9 23 30 53 64 46 27 18 68 35 30 25 70 53 57 59 51 45 71 3 20 17 36 19 48 32 49 95 67 74 57 65 68 66 54 17 39 94 42 96 85 65 50 27 26 
91 56 70 51 91 33 2 26 79 80 4 57 1 88 88 79 89 16 20 71 11 34 80 6 65 45 10 79 15 11 84 2 30 6 36 95 28 72 16 13 82 70 74 34 1 30 88 95 89 82 5 71 58 6 88 40 71 93 80 61 10 22 21 4 48 98 100 1 18 89 47 99 51 76 60 89 46 57 76 76 62 2 31 95 21 100 42 7 91 1 78 63 51 76 89 53 43 64 85 8 
81 56 47 75 17 88 93 86 7 14 35 6 49 18 71 2 24 22 51 34 19 27 79 45 98 91 44 35 75 58 8 42 38 51 93 55 9 97 62 74 45 69 94 67 39 14 22 20 77 14 32 32 8 96 71 51 67 37 75 14 90 28 53 85 33 50 22 9 49 55 84 73 24 89 39 50 43 25 55 53 42 22 99 29 84 82 14 71 41 9 95 15 44 64 5 40 66 64 1 36 
0 4 2 3 7 10 2 10 2 1 4 7 2 11 5 5 3 5 3 4 5 7 3 6 1 5 2 6 6 11 4 4 6 1 10 4 2 4 3 10 5 6 6 10 4 3 5 10 3 4 4 6 2 2 6 5 3 6 4 6 3 5 7 4 7 6 4 5 4 7 8 6 7 9 4 7 3 7 4 4 2 5 8 6 9 5 4 4 5 4 8 5 5 3 4 6 6 8 3 6 5 
4 0 6 7 11 12 6 12 4 3 6 11 2 15 9 9 5 9 3 2 9 11 7 4 3 9 6 10 8 15 8 2 10 5 14 6 2 4 5 12 9 4 4 14 8 5 9 14 5 4 6 8 4 6 10 9 5 10 8 8 7 7 9 8 9 10 8 9 8 7 12 8 9 11 8 9 7 5 8 2 4 9 12 4 11 7 4 4 3 4 12 9 7 5 4 8 8 10 7 10 7 
2 6 0 3 5 12 2 12 4 3 6 5 4 9 7 7 1 3 5 4 3 5 3 8 3 3 2 4 8 9 2 6 6 3 8 6 4 6 1 12 3 4 4 8 2 5 3 8 1 2 6 8 2 2 4 3 5 6 2 8 1 7 9 4 9 4 2 7 2 5 6 4 9 11 2 9 1 5 2 6 4 3 6 8 11 7 6 6 3 2 6 7 3 5 6 4 8 10 3 6 7 
3 7 3 0 4 9 1 9 5 4 7 4 5 8 4 4 4 2 6 5 2 4 0 9 4 6 1 3 5 8 3 7 3 2 7 3 5 7 4 9 4 7 7 7 5 6 2 7 4 5 3 5 3 1 3 4 6 3 1 5 4 4 6 1 6 3 1 4 5 8 5 7 6 8 3 6 4 8 5 7 3 6 5 9 8 4 7 7 6 5 5 4 6 4 7 7 5 7 0 3 6 
7 11 5 4 0 9 5 9 9 8 11 4 9 4 4 4 6 2 10 9 2 4 4 13 8 6 5 1 9 4 3 11 3 6 3 7 9 11 6 9 4 7 7 3 5 10 2 3 6 7 7 5 7 5 3 4 10 3 3 9 4 4 6 3 6 1 3 4 5 8 1 7 6 8 3 6 4 8 5 11 7 6 1 13 8 4 11 11 8 7 3 4 6 8 11 7 5 7 4 3 10 
10 12 12 9 9 0 10 0 8 9 6 13 12 9 5 5 13 11 9 14 9 13 9 8 11 15 10 10 4 9 12 10 6 9 8 6 10 8 13 0 13 16 16 8 14 7 11 8 13 14 6 4 12 10 12 13 7 6 10 4 13 5 3 8 3 8 10 5 14 17 8 16 3 1 12 3 13 17 14 10 8 15 8 8 1 5 8 8 15 14 12 5 15 7 8 16 4 2 9 6 5 
2 6 2 1 5 10 0 10 4 3 6 5 4 9 5 5 3 3 5 4 3 5 1 8 3 5 0 4 6 9 2 6 4 1 8 4 4 6 3 10 3 6 6 8 4 5 3 8 3 4 4 6 2 0 4 3 5 4 2 6 3 5 7 2 7 4 2 5 4 7 6 6 7 9 2 7 3 7 4 6 2 5 6 8 9 5 6 6 5 4 6 5 5 3 6 6 6 8 1 4 5 
10 12 12 9 9 0 10 0 8 9 6 13 12 9 5 5 13 11 9 14 9 13 9 8 11 15 10 10 4 9 12 10 6 9 8 6 10 8 13 0 13 16 16 8 14 7 11 8 13 14 6 4 12 10 12 13 7 6 10 4 13 5 3 8 3 8 10 5 14 17 8 16 3 1 12 3 13 17 14 10 8 15 8 8 1 5 8 8 15 14 12 5 15 7 8 16 4 2 9 6 5 
2 4 4 5 9 8 4 8 0 1 2 9 4 13 7 7 5 7 1 6 7 9 5 4 3 7 4 8 4 13 6 2 8 3 12 2 2 2 5 8 7 8 8 12 6 1 7 12 5 6 2 6 4 4 8 7 1 8 6 4 5 5 5 6 5 8 6 7 6 9 10 8 7 7 6 5 5 9 6 2 2 7 10 4 7 5 2 2 7 6 10 7 7 1 2 8 6 6 5 8 3 
1 3 3 4 8 9 3 9 1 0 3 8 3 12 6 6 4 6 2 5 6 8 4 5 2 6 3 7 5 12 5 3 7 2 11 3 1 3 4 9 6 7 7 11 5 2 6 11 4 5 3 5 3 3 7 6 2 7 5 5 4 4 6 5 6 7 5 6 5 8 9 7 6 8 5 6 4 8 5 3 1 6 9 5 8 4 3 3 6 5 9 6 6 2 3 7 5 7 4 7 4 
4 6 6 7 11 6 6 6 2 3 0 11 6 15 9 9 7 9 3 8 9 11 7 2 5 9 6 10 2 15 8 4 10 5 14 4 4 2 7 6 9 10 10 14 8 1 9 14 7 8 4 8 6 6 10 9 1 10 8 2 7 7 7 8 5 10 8 9 8 11 12 10 9 7 8 5 7 11 8 4 4 9 12 2 5 7 2 2 9 8 12 9 9 3 2 10 8 6 7 10 1 
7 11 5 4 4 13 5 13 9 8 11 0 9 4 8 8 6 2 10 9 4 0 4 13 8 2 5 3 9 4 3 11 7 6 5 7 9 11 6 13 2 7 7 5 3 10 2 5 6 7 7 9 7 5 1 2 10 7 3 9 4 8 10 5 10 5 3 8 3 4 5 3 10 12 3 10 4 6 3 11 7 2 5 13 12 8 11 11 8 7 1 8 4 8 11 3 9 11 4 7 10 
2 2 4 5 9 12 4 12 4 3 6 9 0 13 7 7 3 7 3 2 7 9 5 4 1 7 4 8 8 13 6 2 8 3 12 6 2 4 3 12 7 4 4 12 6 5 7 12 3 2 6 8 2 4 8 7 5 8 6 8 5 7 9 6 9 8 6 7 6 5 10 6 9 11 6 9 5 5 6 2 4 7 10 4 11 7 4 4 3 2 10 7 5 5 4 6 8 10 5 8 7 
11 15 9 8 4 9 9 9 13 12 15 4 13 0 6 6 10 6 14 13 6 4 8 17 12 6 9 5 13 0 7 15 5 10 1 11 13 15 10 9 6 11 11 1 7 14 6 1 10 11 11 7 11 9 5 6 14 5 7 13 8 8 8 7 10 5 7 6 7 8 3 7 6 8 7 10 8 10 7 15 11 6 3 17 10 8 15 15 12 11 3 6 8 12 15 7 7 9 8 5 14 
5 9 7 4 4 5 5 5 7 6 9 8 7 6 0 0 8 6 8 9 4 8 4 11 6 10 5 5 7 6 7 9 1 4 5 5 7 9 8 5 8 11 11 5 9 8 6 5 8 9 5 1 7 5 7 8 8 1 5 7 8 2 2 3 4 3 5 0 9 12 3 11 2 4 7 4 8 12 9 9 5 10 3 11 4 2 9 9 10 9 7 0 10 6 9 11 1 3 4 1 8 
5 9 7 4 4 5 5 5 7 6 9 8 7 6 0 0 8 6 8 9 4 8 4 11 6 10 5 5 7 6 7 9 1 4 5 5 7 9 8 5 8 11 11 5 9 8 6 5 8 9 5 1 7 5 7 8 8 1 5 7 8 2 2 3 4 3 5 0 9 12 3 11 2 4 7 4 8 12 9 9 5 10 3 11 4 2 9 9 10 9 7 0 10 6 9 11 1 3 4 1 8 
3 5 1 4 6 13 3 13 5 4 7 6 3 10 8 8 0 4 4 3 4 6 4 7 2 4 3 5 9 10 3 5 7 4 9 7 3 5 0 13 4 3 3 9 3 6 4 9 0 1 7 9 1 3 5 4 6 7 3 9 2 8 10 5 10 5 3 8 3 4 7 3 10 12 3 10 2 4 3 5 5 4 7 7 12 8 5 5 2 1 7 8 2 6 5 3 9 11 4 7 8 
5 9 3 2 2 11 3 11 7 6 9 2 7 6 6 6 4 0 8 7 2 2 2 11 6 4 3 1 7 6 1 9 5 4 5 5 7 9 4 11 2 5 5 5 3 8 0 5 4 5 5 7 5 3 1 2 8 5 1 7 2 6 8 3 8 3 1 6 3 6 3 5 8 10 1 8 2 6 3 9 5 4 3 11 10 6 9 9 6 5 3 6 4 6 9 5 7 9 2 5 8 
3 3 5 6 10 9 5 9 1 2 3 10 3 14 8 8 4 8 0 5 8 10 6 3 2 8 5 9 5 14 7 1 9 4 13 3 1 1 4 9 8 7 7 13 7 2 8 13 4 5 3 7 3 5 9 8 2 9 7 5 6 6 6 7 6 9 7 8 7 8 11 7 8 8 7 6 6 8 7 1 3 8 11 3 8 6 1 1 6 5 11 8 6 2 1 7 7 7 6 9 4 
4 2 4 5 9 14 4 14 6 5 8 9 2 13 9 9 3 7 5 0 7 9 5 6 3 7 4 8 10 13 6 4 8 5 12 8 4 6 3 14 7 2 2 12 6 7 7 12 3 2 8 10 2 4 8 7 7 8 6 10 5 9 11 6 11 8 6 9 6 5 10 6 11 13 6 11 5 3 6 4 6 7 10 6 13 9 6 6 1 2 10 9 5 7 6 6 10 12 5 8 9 
5 9 3 2 2 9 3 9 7 6 9 4 7 6 4 4 4 2 8 7 0 4 2 11 6 6 3 1 7 6 3 9 3 4 5 5 7 9 4 9 4 7 7 5 5 8 2 5 4 5 5 5 5 3 3 4 8 3 1 7 4 4 6 1 6 1 1 4 5 8 3 7 6 8 3 6 4 8 5 9 5 6 3 11 8 4 9 9 6 5 3 4 6 6 9 7 5 7 2 3 8 
7 11 5 4 4 13 5 13 9 8 11 0 9 4 8 8 6 2 10 9 4 0 4 13 8 2 5 3 9 4 3 11 7 6 5 7 9 11 6 13 2 7 7 5 3 10 2 5 6 7 7 9 7 5 1 2 10 7 3 9 4 8 10 5 10 5 3 8 3 4 5 3 10 12 3 10 4 6 3 11 7 2 5 13 12 8 11 11 8 7 1 8 4 8 11 3 9 11 4 7 10 
3 7 3 0 4 9 1 9 5 4 7 4 5 8 4 4 4 2 6 5 2 4 0 9 4 6 1 3 5 8 3 7 3 2 7 3 5 7 4 9 4 7 7 7 5 6 2 7 4 5 3 5 3 1 3 4 6 3 1 5 4 4 6 1 6 3 1 4 5 8 5 7 6 8 3 6 4 8 5 7 3 6 5 9 8 4 7 7 6 5 5 4 6 4 7 7 5 7 0 3 6 
6 4 8 9 13 8 8 8 4 5 2 13 4 17 11 11 7 11 3 6 11 13 9 0 5 11 8 12 4 17 10 2 12 7 16 6 4 2 7 8 11 8 8 16 10 3 11 16 7 6 6 10 6 8 12 11 3 12 10 4 9 9 9 10 7 12 10 11 10 9 14 10 11 9 10 7 9 9 10 2 6 11 14 0 7 9 2 2 7 6 14 11 9 5 2 10 10 8 9 12 3 
1 3 3 4 8 11 3 11 3 2 5 8 1 12 6 6 2 6 2 3 6 8 4 5 0 6 3 7 7 12 5 3 7 2 11 5 1 3 2 11 6 5 5 11 5 4 6 11 2 3 5 7 1 3 7 6 4 7 5 7 4 6 8 5 8 7 5 6 5 6 9 5 8 10 5 8 4 6 5 3 3 6 9 5 10 6 3 3 4 3 9 6 4 4 3 5 7 9 4 7 6 
5 9 3 6 6 15 5 15 7 6 9 2 7 6 10 10 4 4 8 7 6 2 6 11 6 0 5 5 11 6 3 9 9 6 7 9 7 9 4 15 2 5 5 7 1 8 4 7 4 5 9 11 5 5 3 2 8 9 5 11 2 10 12 7 12 7 5 10 1 2 7 1 12 14 3 12 2 4 1 9 7 0 7 11 14 10 9 9 6 5 3 10 2 8 9 1 11 13 6 9 10 
2 6 2 1 5 10 0 10 4 3 6 5 4 9 5 5 3 3 5 4 3 5 1 8 3 5 0 4 6 9 2 6 4 1 8 4 4 6 3 10 3 6 6 8 4 5 3 8 3 4 4 6 2 0 4 3 5 4 2 6 3 5 7 2 7 4 2 5 4 7 6 6 7 9 2 7 3 7 4 6 2 5 6 8 9 5 6 6 5 4 6 5 5 3 6 6 6 8 1 4 5 
6 10 4 3 1 10 4 10 8 7 10 3 8 5 5 5 5 1 9 8 1 3 3 12 7 5 4 0 8 5 2 10 4 5 4 6 8 10 5 10 3 6 6 4 4 9 1 4 5 6 6 6 6 4 2 3 9 4 2 8 3 5 7 2 7 2 2 5 4 7 2 6 7 9 2 7 3 7 4 10 6 5 2 12 9 5 10 10 7 6 2 5 5 7 10 6 6 8 3 4 9 
6 8 8 5 9 4 6 4 4 5 2 9 8 13 7 7 9 7 5 10 7 9 5 4 7 11 6 8 0 13 8 6 8 5 12 2 6 4 9 4 9 12 12 12 10 3 7 12 9 10 2 6 8 6 8 9 3 8 6 0 9 5 5 6 3 8 6 7 10 13 10 12 7 5 8 3 9 13 10 6 4 11 10 4 3 5 4 4 11 10 10 7 11 3 4 12 6 4 5 8 1 
11 15 9 8 4 9 9 9 13 12 15 4 13 0 6 6 10 6 14 13 6 4 8 17 12 6 9 5 13 0 7 15 5 10 1 11 13 15 10 9 6 11 11 1 7 14 6 1 10 11 11 7 11 9 5 6 14 5 7 13 8 8 8 7 10 5 7 6 7 8 3 7 6 8 7 10 8 10 7 15 11 6 3 17 10 8 15 15 12 11 3 6 8 12 15 7 7 9 8 5 14 
4 8 2 3 3 12 2 12 6 5 8 3 6 7 7 7 3 1 7 6 3 3 3 10 5 3 2 2 8 7 0 8 6 3 6 6 6 8 3 12 1 4 4 6 2 7 1 6 3 4 6 8 4 2 2 1 7 6 2 8 1 7 9 4 9 4 2 7 2 5 4 4 9 11 0 9 1 5 2 8 4 3 4 10 11 7 8 8 5 4 4 7 3 5 8 4 8 10 3 6 7 
4 2 6 7 11 10 6 10 2 3 4 11 2 15 9 9 5 9 1 4 9 11 7 2 3 9 6 10 6 15 8 0 10 5 14 4 2 2 5 10 9 6 6 14 8 3 9 14 5 4 4 8 4 6 10 9 3 10 8 6 7 7 7 8 7 10 8 9 8 7 12 8 9 9 8 7 7 7 8 0 4 9 12 2 9 7 2 2 5 4 12 9 7 3 2 8 8 8 7 10 5 
6 10 6 3 3 6 4 6 8 7 10 7 8 5 1 1 7 5 9 8 3 7 3 12 7 9 4 4 8 5 6 10 0 5 4 6 8 10 7 6 7 10 10 4 8 9 5 4 7 8 6 2 6 4 6 7 9 0 4 8 7 3 3 2 5 2 4 1 8 11 2 10 3 5 6 5 7 11 8 10 6 9 2 12 5 3 10 10 9 8 6 1 9 7 10 10 2 4 3 0 9 
1 5 3 2 6 9 1 9 3 2 5 6 3 10 4 4 4 4 4 5 4 6 2 7 2 6 1 5 5 10 3 5 5 0 9 3 3 5 4 9 4 7 7 9 5 4 4 9 4 5 3 5 3 1 5 4 4 5 3 5 4 4 6 3 6 5 3 4 5 8 7 7 6 8 3 6 4 8 5 5 1 6 7 7 8 4 5 5 6 5 7 4 6 2 5 7 5 7 2 5 4 
10 14 8 7 3 8 8 8 12 11 14 5 12 1 5 5 9 5 13 12 5 5 7 16 11 7 8 4 12 1 6 14 4 9 0 10 12 14 9 8 5 10 10 0 6 13 5 0 9 10 10 6 10 8 4 5 13 4 6 12 7 7 7 6 9 4 6 5 6 9 2 8 5 7 6 9 7 9 6 14 10 7 2 16 9 7 14 14 11 10 4 5 7 11 14 8 6 8 7 4 13 
4 6 6 3 7 6 4 6 2 3 4 7 6 11 5 5 7 5 3 8 5 7 3 6 5 9 4 6 2 11 6 4 6 3 10 0 4 4 7 6 7 10 10 10 8 3 5 10 7 8 0 4 6 4 6 7 3 6 4 2 7 3 3 4 3 6 4 5 8 11 8 10 5 5 6 3 7 11 8 4 2 9 8 6 5 3 4 4 9 8 8 5 9 1 4 10 4 4 3 6 3 
2 2 4 5 9 10 4 10 2 1 4 9 2 13 7 7 3 7 1 4 7 9 5 4 1 7 4 8 6 13 6 2 8 3 12 4 0 2 3 10 7 6 6 12 6 3 7 12 3 4 4 6 2 4 8 7 3 8 6 6 5 5 7 6 7 8 6 7 6 7 10 6 7 9 6 7 5 7 6 2 2 7 10 4 9 5 2 2 5 4 10 7 5 3 2 6 6 8 5 8 5 
4 4 6 7 11 8 6 8 2 3 2 11 4 15 9 9 5 9 1 6 9 11 7 2 3 9 6 10 4 15 8 2 10 5 14 4 2 0 5 8 9 8 8 14 8 1 9 14 5 6 4 8 4 6 10 9 1 10 8 4 7 7 7 8 5 10 8 9 8 9 12 8 9 7 8 5 7 9 8 2 4 9 12 2 7 7 0 0 7 6 12 9 7 3 0 8 8 6 7 10 3 
3 5 1 4 6 13 3 13 5 4 7 6 3 10 8 8 0 4 4 3 4 6 4 7 2 4 3 5 9 10 3 5 7 4 9 7 3 5 0 13 4 3 3 9 3 6 4 9 0 1 7 9 1 3 5 4 6 7 3 9 2 8 10 5 10 5 3 8 3 4 7 3 10 12 3 10 2 4 3 5 5 4 7 7 12 8 5 5 2 1 7 8 2 6 5 3 9 11 4 7 8 
10 12 12 9 9 0 10 0 8 9 6 13 12 9 5 5 13 11 9 14 9 13 9 8 11 15 10 10 4 9 12 10 6 9 8 6 10 8 13 0 13 16 16 8 14 7 11 8 13 14 6 4 12 10 12 13 7 6 10 4 13 5 3 8 3 8 10 5 14 17 8 16 3 1 12 3 13 17 14 10 8 15 8 8 1 5 8 8 15 14 12 5 15 7 8 16 4 2 9 6 5 
5 9 3 4 4 13 3 13 7 6 9 2 7 6 8 8 4 2 8 7 4 2 4 11 6 2 3 3 9 6 1 9 7 4 5 7 7 9 4 13 0 5 5 5 1 8 2 5 4 5 7 9 5 3 1 0 8 7 3 9 2 8 10 5 10 5 3 8 1 4 5 3 10 12 1 10 2 4 1 9 5 2 5 11 12 8 9 9 6 5 3 8 2 6 9 3 9 11 4 7 8 
6 4 4 7 7 16 6 16 8 7 10 7 4 11 11 11 3 5 7 2 7 7 7 8 5 5 6 6 12 11 4 6 10 7 10 10 6 8 3 16 5 0 0 10 4 9 5 10 3 2 10 12 4 6 6 5 9 10 6 12 3 11 13 8 13 8 6 11 4 3 8 4 13 15 4 13 3 1 4 6 8 5 8 8 15 11 8 8 1 2 8 11 3 9 8 4 12 14 7 10 11 
6 4 4 7 7 16 6 16 8 7 10 7 4 11 11 11 3 5 7 2 7 7 7 8 5 5 6 6 12 11 4 6 10 7 10 10 6 8 3 16 5 0 0 10 4 9 5 10 3 2 10 12 4 6 6 5 9 10 6 12 3 11 13 8 13 8 6 11 4 3 8 4 13 15 4 13 3 1 4 6 8 5 8 8 15 11 8 8 1 2 8 11 3 9 8 4 12 14 7 10 11 
10 14 8 7 3 8 8 8 12 11 14 5 12 1 5 5 9 5 13 12 5 5 7 16 11 7 8 4 12 1 6 14 4 9 0 10 12 14 9 8 5 10 10 0 6 13 5 0 9 10 10 6 10 8 4 5 13 4 6 12 7 7 7 6 9 4 6 5 6 9 2 8 5 7 6 9 7 9 6 14 10 7 2 16 9 7 14 14 11 10 4 5 7 11 14 8 6 8 7 4 13 
4 8 2 5 5 14 4 14 6 5 8 3 6 7 9 9 3 3 7 6 5 3 5 10 5 1 4 4 10 7 2 8 8 5 6 8 6 8 3 14 1 4 4 6 0 7 3 6 3 4 8 10 4 4 2 1 7 8 4 10 1 9 11 6 11 6 4 9 0 3 6 2 11 13 2 11 1 3 0 8 6 1 6 10 13 9 8 8 5 4 4 9 1 7 8 2 10 12 5 8 9 
3 5 5 6 10 7 5 7 1 2 1 10 5 14 8 8 6 8 2 7 8 10 6 3 4 8 5 9 3 14 7 3 9 4 13 3 3 1 6 7 8 9 9 13 7 0 8 13 6 7 3 7 5 5 9 8 0 9 7 3 6 6 6 7 4 9 7 8 7 10 11 9 8 6 7 4 6 10 7 3 3 8 11 3 6 6 1 1 8 7 11 8 8 2 1 9 7 5 6 9 2 
5 9 3 2 2 11 3 11 7 6 9 2 7 6 6 6 4 0 8 7 2 2 2 11 6 4 3 1 7 6 1 9 5 4 5 5 7 9 4 11 2 5 5 5 3 8 0 5 4 5 5 7 5 3 1 2 8 5 1 7 2 6 8 3 8 3 1 6 3 6 3 5 8 10 1 8 2 6 3 9 5 4 3 11 10 6 9 9 6 5 3 6 4 6 9 5 7 9 2 5 8 
10 14 8 7 3 8 8 8 12 11 14 5 12 1 5 5 9 5 13 12 5 5 7 16 11 7 8 4 12 1 6 14 4 9 0 10 12 14 9 8 5 10 10 0 6 13 5 0 9 10 10 6 10 8 4 5 13 4 6 12 7 7 7 6 9 4 6 5 6 9 2 8 5 7 6 9 7 9 6 14 10 7 2 16 9 7 14 14 11 10 4 5 7 11 14 8 6 8 7 4 13 
3 5 1 4 6 13 3 13 5 4 7 6 3 10 8 8 0 4 4 3 4 6 4 7 2 4 3 5 9 10 3 5 7 4 9 7 3 5 0 13 4 3 3 9 3 6 4 9 0 1 7 9 1 3 5 4 6 7 3 9 2 8 10 5 10 5 3 8 3 4 7 3 10 12 3 10 2 4 3 5 5 4 7 7 12 8 5 5 2 1 7 8 2 6 5 3 9 11 4 7 8 
4 4 2 5 7 14 4 14 6 5 8 7 2 11 9 9 1 5 5 2 5 7 5 6 3 5 4 6 10 11 4 4 8 5 10 8 4 6 1 14 5 2 2 10 4 7 5 10 1 0 8 10 2 4 6 5 7 8 4 10 3 9 11 6 11 6 4 9 4 3 8 4 11 13 4 11 3 3 4 4 6 5 8 6 13 9 6 6 1 0 8 9 3 7 6 4 10 12 5 8 9 
4 6 6 3 7 6 4 6 2 3 4 7 6 11 5 5 7 5 3 8 5 7 3 6 5 9 4 6 2 11 6 4 6 3 10 0 4 4 7 6 7 10 10 10 8 3 5 10 7 8 0 4 6 4 6 7 3 6 4 2 7 3 3 4 3 6 4 5 8 11 8 10 5 5 6 3 7 11 8 4 2 9 8 6 5 3 4 4 9 8 8 5 9 1 4 10 4 4 3 6 3 
6 8 8 5 5 4 6 4 6 5 8 9 8 7 1 1 9 7 7 10 5 9 5 10 7 11 6 6 6 7 8 8 2 5 6 4 6 8 9 4 9 12 12 6 10 7 7 6 9 10 4 0 8 6 8 9 7 2 6 6 9 1 1 4 3 4 6 1 10 13 4 12 1 3 8 3 9 13 10 8 4 11 4 10 3 1 8 8 11 10 8 1 11 5 8 12 0 2 5 2 7 
2 4 2 3 7 12 2 12 4 3 6 7 2 11 7 7 1 5 3 2 5 7 3 6 1 5 2 6 8 11 4 4 6 3 10 6 2 4 1 12 5 4 4 10 4 5 5 10 1 2 6 8 0 2 6 5 5 6 4 8 3 7 9 4 9 6 4 7 4 5 8 4 9 11 4 9 3 5 4 4 4 5 8 6 11 7 4 4 3 2 8 7 3 5 4 4 8 10 3 6 7 
2 6 2 1 5 10 0 10 4 3 6 5 4 9 5 5 3 3 5 4 3 5 1 8 3 5 0 4 6 9 2 6 4 1 8 4 4 6 3 10 3 6 6 8 4 5 3 8 3 4 4 6 2 0 4 3 5 4 2 6 3 5 7 2 7 4 2 5 4 7 6 6 7 9 2 7 3 7 4 6 2 5 6 8 9 5 6 6 5 4 6 5 5 3 6 6 6 8 1 4 5 
6 10 4 3 3 12 4 12 8 7 10 1 8 5 7 7 5 1 9 8 3 1 3 12 7 3 4 2 8 5 2 10 6 5 4 6 8 10 5 12 1 6 6 4 2 9 1 4 5 6 6 8 6 4 0 1 9 6 2 8 3 7 9 4 9 4 2 7 2 5 4 4 9 11 2 9 3 5 2 10 6 3 4 12 11 7 10 10 7 6 2 7 3 7 10 4 8 10 3 6 9 
5 9 3 4 4 13 3 13 7 6 9 2 7 6 8 8 4 2 8 7 4 2 4 11 6 2 3 3 9 6 1 9 7 4 5 7 7 9 4 13 0 5 5 5 1 8 2 5 4 5 7 9 5 3 1 0 8 7 3 9 2 8 10 5 10 5 3 8 1 4 5 3 10 12 1 10 2 4 1 9 5 2 5 11 12 8 9 9 6 5 3 8 2 6 9 3 9 11 4 7 8 
3 5 5 6 10 7 5 7 1 2 1 10 5 14 8 8 6 8 2 7 8 10 6 3 4 8 5 9 3 14 7 3 9 4 13 3 3 1 6 7 8 9 9 13 7 0 8 13 6 7 3 7 5 5 9 8 0 9 7 3 6 6 6 7 4 9 7 8 7 10 11 9 8 6 7 4 6 10 7 3 3 8 11 3 6 6 1 1 8 7 11 8 8 2 1 9 7 5 6 9 2 
6 10 6 3 3 6 4 6 8 7 10 7 8 5 1 1 7 5 9 8 3 7 3 12 7 9 4 4 8 5 6 10 0 5 4 6 8 10 7 6 7 10 10 4 8 9 5 4 7 8 6 2 6 4 6 7 9 0 4 8 7 3 3 2 5 2 4 1 8 11 2 10 3 5 6 5 7 11 8 10 6 9 2 12 5 3 10 10 9 8 6 1 9 7 10 10 2 4 3 0 9 
4 8 2 1 3 10 2 10 6 5 8 3 6 7 5 5 3 1 7 6 1 3 1 10 5 5 2 2 6 7 2 8 4 3 6 4 6 8 3 10 3 6 6 6 4 7 1 6 3 4 4 6 4 2 2 3 7 4 0 6 3 5 7 2 7 2 0 5 4 7 4 6 7 9 2 7 3 7 4 8 4 5 4 10 9 5 8 8 5 4 4 5 5 5 8 6 6 8 1 4 7 
6 8 8 5 9 4 6 4 4 5 2 9 8 13 7 7 9 7 5 10 7 9 5 4 7 11 6 8 0 13 8 6 8 5 12 2 6 4 9 4 9 12 12 12 10 3 7 12 9 10 2 6 8 6 8 9 3 8 6 0 9 5 5 6 3 8 6 7 10 13 10 12 7 5 8 3 9 13 10 6 4 11 10 4 3 5 4 4 11 10 10 7 11 3 4 12 6 4 5 8 1 
3 7 1 4 4 13 3 13 5 4 7 4 5 8 8 8 2 2 6 5 4 4 4 9 4 2 3 3 9 8 1 7 7 4 7 7 5 7 2 13 2 3 3 7 1 6 2 7 2 3 7 9 3 3 3 2 6 7 3 9 0 8 10 5 10 5 3 8 1 4 5 3 10 12 1 10 0 4 1 7 5 2 5 9 12 8 7 7 4 3 5 8 2 6 7 3 9 11 4 7 8 
5 7 7 4 4 5 5 5 5 4 7 8 7 8 2 2 8 6 6 9 4 8 4 9 6 10 5 5 5 8 7 7 3 4 7 3 5 7 8 5 8 11 11 7 9 6 6 7 8 9 3 1 7 5 7 8 6 3 5 5 8 0 2 3 2 3 5 2 9 12 5 11 2 4 7 2 8 12 9 7 3 10 5 9 4 0 7 7 10 9 7 2 10 4 7 11 1 3 4 3 6 
7 9 9 6 6 3 7 3 5 6 7 10 9 8 2 2 10 8 6 11 6 10 6 9 8 12 7 7 5 8 9 7 3 6 7 3 7 7 10 3 10 13 13 7 11 6 8 7 10 11 3 1 9 7 9 10 6 3 7 5 10 2 0 5 2 5 7 2 11 14 5 13 2 2 9 2 10 14 11 7 5 12 5 9 2 2 7 7 12 11 9 2 12 4 7 13 1 1 6 3 6 
4 8 4 1 3 8 2 8 6 5 8 5 6 7 3 3 5 3 7 6 1 5 1 10 5 7 2 2 6 7 4 8 2 3 6 4 6 8 5 8 5 8 8 6 6 7 3 6 5 6 4 4 4 2 4 5 7 2 2 6 5 3 5 0 5 2 2 3 6 9 4 8 5 7 4 5 5 9 6 8 4 7 4 10 7 3 8 8 7 6 4 3 7 5 8 8 4 6 1 2 7 
7 9 9 6 6 3 7 3 5 6 5 10 9 10 4 4 10 8 6 11 6 10 6 7 8 12 7 7 3 10 9 7 5 6 9 3 7 5 10 3 10 13 13 9 11 4 8 9 10 11 3 3 9 7 9 10 4 5 7 3 10 2 2 5 0 5 7 4 11 14 7 13 4 2 9 0 10 14 11 7 5 12 7 7 2 2 5 5 12 11 9 4 12 4 5 13 3 1 6 5 4 
6 10 4 3 1 8 4 8 8 7 10 5 8 5 3 3 5 3 9 8 1 5 3 12 7 7 4 2 8 5 4 10 2 5 4 6 8 10 5 8 5 8 8 4 6 9 3 4 5 6 6 4 6 4 4 5 9 2 2 8 5 3 5 2 5 0 2 3 6 9 2 8 5 7 4 5 5 9 6 10 6 7 2 12 7 3 10 10 7 6 4 3 7 7 10 8 4 6 3 2 9 
4 8 2 1 3 10 2 10 6 5 8 3 6 7 5 5 3 1 7 6 1 3 1 10 5 5 2 2 6 7 2 8 4 3 6 4 6 8 3 10 3 6 6 6 4 7 1 6 3 4 4 6 4 2 2 3 7 4 0 6 3 5 7 2 7 2 0 5 4 7 4 6 7 9 2 7 3 7 4 8 4 5 4 10 9 5 8 8 5 4 4 5 5 5 8 6 6 8 1 4 7 
5 9 7 4 4 5 5 5 7 6 9 8 7 6 0 0 8 6 8 9 4 8 4 11 6 10 5 5 7 6 7 9 1 4 5 5 7 9 8 5 8 11 11 5 9 8 6 5 8 9 5 1 7 5 7 8 8 1 5 7 8 2 2 3 4 3 5 0 9 12 3 11 2 4 7 4 8 12 9 9 5 10 3 11 4 2 9 9 10 9 7 0 10 6 9 11 1 3 4 1 8 
4 8 2 5 5 14 4 14 6 5 8 3 6 7 9 9 3 3 7 6 5 3 5 10 5 1 4 4 10 7 2 8 8 5 6 8 6 8 3 14 1 4 4 6 0 7 3 6 3 4 8 10 4 4 2 1 7 8 4 10 1 9 11 6 11 6 4 9 0 3 6 2 11 13 2 11 1 3 0 8 6 1 6 10 13 9 8 8 5 4 4 9 1 7 8 2 10 12 5 8 9 
7 7 5 8 8 17 7 17 9 8 11 4 5 8 12 12 4 6 8 5 8 4 8 9 6 2 7 7 13 8 5 7 11 8 9 11 7 9 4 17 4 3 3 9 3 10 6 9 4 3 11 13 5 7 5 4 10 11 7 13 4 12 14 9 14 9 7 12 3 0 9 1 14 16 5 14 4 2 3 7 9 2 9 9 16 12 9 9 4 3 5 12 2 10 9 1 13 15 8 11 12 
8 12 6 5 1 8 6 8 10 9 12 5 10 3 3 3 7 3 11 10 3 5 5 14 9 7 6 2 10 3 4 12 2 7 2 8 10 12 7 8 5 8 8 2 6 11 3 2 7 8 8 4 8 6 4 5 11 2 4 10 5 5 5 4 7 2 4 3 6 9 0 8 5 7 4 7 5 9 6 12 8 7 0 14 7 5 12 12 9 8 4 3 7 9 12 8 4 6 5 2 11 
6 8 4 7 7 16 6 16 8 7 10 3 6 7 11 11 3 5 7 6 7 3 7 10 5 1 6 6 12 7 4 8 10 7 8 10 6 8 3 16 3 4 4 8 2 9 5 8 3 4 10 12 4 6 4 3 9 10 6 12 3 11 13 8 13 8 6 11 2 1 8 0 13 15 4 13 3 3 2 8 8 1 8 10 15 11 8 8 5 4 4 11 1 9 8 0 12 14 7 10 11 
7 9 9 6 6 3 7 3 7 6 9 10 9 6 2 2 10 8 8 11 6 10 6 11 8 12 7 7 7 6 9 9 3 6 5 5 7 9 10 3 10 13 13 5 11 8 8 5 10 11 5 1 9 7 9 10 8 3 7 7 10 2 2 5 4 5 7 2 11 14 5 13 0 2 9 4 10 14 11 9 5 12 5 11 4 2 9 9 12 11 9 2 12 6 9 13 1 3 6 3 8 
9 11 11 8 8 1 9 1 7 8 7 12 11 8 4 4 12 10 8 13 8 12 8 9 10 14 9 9 5 8 11 9 5 8 7 5 9 7 12 1 12 15 15 7 13 6 10 7 12 13 5 3 11 9 11 12 6 5 9 5 12 4 2 7 2 7 9 4 13 16 7 15 2 0 11 2 12 16 13 9 7 14 7 9 2 4 7 7 14 13 11 4 14 6 7 15 3 1 8 5 6 
4 8 2 3 3 12 2 12 6 5 8 3 6 7 7 7 3 1 7 6 3 3 3 10 5 3 2 2 8 7 0 8 6 3 6 6 6 8 3 12 1 4 4 6 2 7 1 6 3 4 6 8 4 2 2 1 7 6 2 8 1 7 9 4 9 4 2 7 2 5 4 4 9 11 0 9 1 5 2 8 4 3 4 10 11 7 8 8 5 4 4 7 3 5 8 4 8 10 3 6 7 
7 9 9 6 6 3 7 3 5 6 5 10 9 10 4 4 10 8 6 11 6 10 6 7 8 12 7 7 3 10 9 7 5 6 9 3 7 5 10 3 10 13 13 9 11 4 8 9 10 11 3 3 9 7 9 10 4 5 7 3 10 2 2 5 0 5 7 4 11 14 7 13 4 2 9 0 10 14 11 7 5 12 7 7 2 2 5 5 12 11 9 4 12 4 5 13 3 1 6 5 4 
3 7 1 4 4 13 3 13 5 4 7 4 5 8 8 8 2 2 6 5 4 4 4 9 4 2 3 3 9 8 1 7 7 4 7 7 5 7 2 13 2 3 3 7 1 6 2 7 2 3 7 9 3 3 3 2 6 7 3 9 0 8 10 5 10 5 3 8 1 4 5 3 10 12 1 10 0 4 1 7 5 2 5 9 12 8 7 7 4 3 5 8 2 6 7 3 9 11 4 7 8 
7 5 5 8 8 17 7 17 9 8 11 6 5 10 12 12 4 6 8 3 8 6 8 9 6 4 7 7 13 10 5 7 11 8 9 11 7 9 4 17 4 1 1 9 3 10 6 9 4 3 11 13 5 7 5 4 10 11 7 13 4 12 14 9 14 9 7 12 3 2 9 3 14 16 5 14 4 0 3 7 9 4 9 9 16 12 9 9 2 3 7 12 2 10 9 3 13 15 8 11 12 
4 8 2 5 5 14 4 14 6 5 8 3 6 7 9 9 3 3 7 6 5 3 5 10 5 1 4 4 10 7 2 8 8 5 6 8 6 8 3 14 1 4 4 6 0 7 3 6 3 4 8 10 4 4 2 1 7 8 4 10 1 9 11 6 11 6 4 9 0 3 6 2 11 13 2 11 1 3 0 8 6 1 6 10 13 9 8 8 5 4 4 9 1 7 8 2 10 12 5 8 9 
4 2 6 7 11 10 6 10 2 3 4 11 2 15 9 9 5 9 1 4 9 11 7 2 3 9 6 10 6 15 8 0 10 5 14 4 2 2 5 10 9 6 6 14 8 3 9 14 5 4 4 8 4 6 10 9 3 10 8 6 7 7 7 8 7 10 8 9 8 7 12 8 9 9 8 7 7 7 8 0 4 9 12 2 9 7 2 2 5 4 12 9 7 3 2 8 8 8 7 10 5 
2 4 4 3 7 8 2 8 2 1 4 7 4 11 5 5 5 5 3 6 5 7 3 6 3 7 2 6 4 11 4 4 6 1 10 2 2 4 5 8 5 8 8 10 6 3 5 10 5 6 2 4 4 2 6 5 3 6 4 4 5 3 5 4 5 6 4 5 6 9 8 8 5 7 4 5 5 9 6 4 0 7 8 6 7 3 4 4 7 6 8 5 7 1 4 8 4 6 3 6 3 
5 9 3 6 6 15 5 15 7 6 9 2 7 6 10 10 4 4 8 7 6 2 6 11 6 0 5 5 11 6 3 9 9 6 7 9 7 9 4 15 2 5 5 7 1 8 4 7 4 5 9 11 5 5 3 2 8 9 5 11 2 10 12 7 12 7 5 10 1 2 7 1 12 14 3 12 2 4 1 9 7 0 7 11 14 10 9 9 6 5 3 10 2 8 9 1 11 13 6 9 10 
8 12 6 5 1 8 6 8 10 9 12 5 10 3 3 3 7 3 11 10 3 5 5 14 9 7 6 2 10 3 4 12 2 7 2 8 10 12 7 8 5 8 8 2 6 11 3 2 7 8 8 4 8 6 4 5 11 2 4 10 5 5 5 4 7 2 4 3 6 9 0 8 5 7 4 7 5 9 6 12 8 7 0 14 7 5 12 12 9 8 4 3 7 9 12 8 4 6 5 2 11 
6 4 8 9 13 8 8 8 4 5 2 13 4 17 11 11 7 11 3 6 11 13 9 0 5 11 8 12 4 17 10 2 12 7 16 6 4 2 7 8 11 8 8 16 10 3 11 16 7 6 6 10 6 8 12 11 3 12 10 4 9 9 9 10 7 12 10 11 10 9 14 10 11 9 10 7 9 9 10 2 6 11 14 0 7 9 2 2 7 6 14 11 9 5 2 10 10 8 9 12 3 
9 11 11 8 8 1 9 1 7 8 5 12 11 10 4 4 12 10 8 13 8 12 8 7 10 14 9 9 3 10 11 9 5 8 9 5 9 7 12 1 12 15 15 9 13 6 10 9 12 13 5 3 11 9 11 12 6 5 9 3 12 4 2 7 2 7 9 4 13 16 7 15 4 2 11 2 12 16 13 9 7 14 7 7 0 4 7 7 14 13 11 4 14 6 7 15 3 1 8 5 4 
5 7 7 4 4 5 5 5 5 4 7 8 7 8 2 2 8 6 6 9 4 8 4 9 6 10 5 5 5 8 7 7 3 4 7 3 5 7 8 5 8 11 11 7 9 6 6 7 8 9 3 1 7 5 7 8 6 3 5 5 8 0 2 3 2 3 5 2 9 12 5 11 2 4 7 2 8 12 9 7 3 10 5 9 4 0 7 7 10 9 7 2 10 4 7 11 1 3 4 3 6 
4 4 6 7 11 8 6 8 2 3 2 11 4 15 9 9 5 9 1 6 9 11 7 2 3 9 6 10 4 15 8 2 10 5 14 4 2 0 5 8 9 8 8 14 8 1 9 14 5 6 4 8 4 6 10 9 1 10 8 4 7 7 7 8 5 10 8 9 8 9 12 8 9 7 8 5 7 9 8 2 4 9 12 2 7 7 0 0 7 6 12 9 7 3 0 8 8 6 7 10 3 
4 4 6 7 11 8 6 8 2 3 2 11 4 15 9 9 5 9 1 6 9 11 7 2 3 9 6 10 4 15 8 2 10 5 14 4 2 0 5 8 9 8 8 14 8 1 9 14 5 6 4 8 4 6 10 9 1 10 8 4 7 7 7 8 5 10 8 9 8 9 12 8 9 7 8 5 7 9 8 2 4 9 12 2 7 7 0 0 7 6 12 9 7 3 0 8 8 6 7 10 3 
5 3 3 6 8 15 5 15 7 6 9 8 3 12 10 10 2 6 6 1 6 8 6 7 4 6 5 7 11 12 5 5 9 6 11 9 5 7 2 15 6 1 1 11 5 8 6 11 2 1 9 11 3 5 7 6 8 9 5 11 4 10 12 7 12 7 5 10 5 4 9 5 12 14 5 12 4 2 5 5 7 6 9 7 14 10 7 7 0 1 9 10 4 8 7 5 11 13 6 9 10 
4 4 2 5 7 14 4 14 6 5 8 7 2 11 9 9 1 5 5 2 5 7 5 6 3 5 4 6 10 11 4 4 8 5 10 8 4 6 1 14 5 2 2 10 4 7 5 10 1 0 8 10 2 4 6 5 7 8 4 10 3 9 11 6 11 6 4 9 4 3 8 4 11 13 4 11 3 3 4 4 6 5 8 6 13 9 6 6 1 0 8 9 3 7 6 4 10 12 5 8 9 
8 12 6 5 3 12 6 12 10 9 12 1 10 3 7 7 7 3 11 10 3 1 5 14 9 3 6 2 10 3 4 12 6 7 4 8 10 12 7 12 3 8 8 4 4 11 3 4 7 8 8 8 8 6 2 3 11 6 4 10 5 7 9 4 9 4 4 7 4 5 4 4 9 11 4 9 5 7 4 12 8 3 4 14 11 7 12 12 9 8 0 7 5 9 12 4 8 10 5 6 11 
5 9 7 4 4 5 5 5 7 6 9 8 7 6 0 0 8 6 8 9 4 8 4 11 6 10 5 5 7 6 7 9 1 4 5 5 7 9 8 5 8 11 11 5 9 8 6 5 8 9 5 1 7 5 7 8 8 1 5 7 8 2 2 3 4 3 5 0 9 12 3 11 2 4 7 4 8 12 9 9 5 10 3 11 4 2 9 9 10 9 7 0 10 6 9 11 1 3 4 1 8 
5 7 3 6 6 15 5 15 7 6 9 4 5 8 10 10 2 4 6 5 6 4 6 9 4 2 5 5 11 8 3 7 9 6 7 9 5 7 2 15 2 3 3 7 1 8 4 7 2 3 9 11 3 5 3 2 8 9 5 11 2 10 12 7 12 7 5 10 1 2 7 1 12 14 3 12 2 2 1 7 7 2 7 9 14 10 7 7 4 3 5 10 0 8 7 1 11 13 6 9 10 
3 5 5 4 8 7 3 7 1 2 3 8 5 12 6 6 6 6 2 7 6 8 4 5 4 8 3 7 3 12 5 3 7 2 11 1 3 3 6 7 6 9 9 11 7 2 6 11 6 7 1 5 5 3 7 6 2 7 5 3 6 4 4 5 4 7 5 6 7 10 9 9 6 6 5 4 6 10 7 3 1 8 9 5 6 4 3 3 8 7 9 6 8 0 3 9 5 5 4 7 2 
4 4 6 7 11 8 6 8 2 3 2 11 4 15 9 9 5 9 1 6 9 11 7 2 3 9 6 10 4 15 8 2 10 5 14 4 2 0 5 8 9 8 8 14 8 1 9 14 5 6 4 8 4 6 10 9 1 10 8 4 7 7 7 8 5 10 8 9 8 9 12 8 9 7 8 5 7 9 8 2 4 9 12 2 7 7 0 0 7 6 12 9 7 3 0 8 8 6 7 10 3 
6 8 4 7 7 16 6 16 8 7 10 3 6 7 11 11 3 5 7 6 7 3 7 10 5 1 6 6 12 7 4 8 10 7 8 10 6 8 3 16 3 4 4 8 2 9 5 8 3 4 10 12 4 6 4 3 9 10 6 12 3 11 13 8 13 8 6 11 2 1 8 0 13 15 4 13 3 3 2 8 8 1 8 10 15 11 8 8 5 4 4 11 1 9 8 0 12 14 7 10 11 
6 8 8 5 5 4 6 4 6 5 8 9 8 7 1 1 9 7 7 10 5 9 5 10 7 11 6 6 6 7 8 8 2 5 6 4 6 8 9 4 9 12 12 6 10 7 7 6 9 10 4 0 8 6 8 9 7 2 6 6 9 1 1 4 3 4 6 1 10 13 4 12 1 3 8 3 9 13 10 8 4 11 4 10 3 1 8 8 11 10 8 1 11 5 8 12 0 2 5 2 7 
8 10 10 7 7 2 8 2 6 7 6 11 10 9 3 3 11 9 7 12 7 11 7 8 9 13 8 8 4 9 10 8 4 7 8 4 8 6 11 2 11 14 14 8 12 5 9 8 11 12 4 2 10 8 10 11 5 4 8 4 11 3 1 6 1 6 8 3 12 15 6 14 3 1 10 1 11 15 12 8 6 13 6 8 1 3 6 6 13 12 10 3 13 5 6 14 2 0 7 4 5 
3 7 3 0 4 9 1 9 5 4 7 4 5 8 4 4 4 2 6 5 2 4 0 9 4 6 1 3 5 8 3 7 3 2 7 3 5 7 4 9 4 7 7 7 5 6 2 7 4 5 3 5 3 1 3 4 6 3 1 5 4 4 6 1 6 3 1 4 5 8 5 7 6 8 3 6 4 8 5 7 3 6 5 9 8 4 7 7 6 5 5 4 6 4 7 7 5 7 0 3 6 
6 10 6 3 3 6 4 6 8 7 10 7 8 5 1 1 7 5 9 8 3 7 3 12 7 9 4 4 8 5 6 10 0 5 4 6 8 10 7 6 7 10 10 4 8 9 5 4 7 8 6 2 6 4 6 7 9 0 4 8 7 3 3 2 5 2 4 1 8 11 2 10 3 5 6 5 7 11 8 10 6 9 2 12 5 3 10 10 9 8 6 1 9 7 10 10 2 4 3 0 9 
5 7 7 6 10 5 5 5 3 4 1 10 7 14 8 8 8 8 4 9 8 10 6 3 6 10 5 9 1 14 7 5 9 4 13 3 5 3 8 5 8 11 11 13 9 2 8 13 8 9 3 7 7 5 9 8 2 9 7 1 8 6 6 7 4 9 7 8 9 12 11 11 8 6 7 4 8 12 9 5 3 10 11 3 4 6 3 3 10 9 11 8 10 2 3 11 7 5 6 9 0 
2545 2528 66 2639 4554 3344 4322 1517 3925 2235 4292 289 664 4136 1005 2589 4364 87 3003 3794 3894 4392 1038 1341 4872 1605 3469 7 2695 339 829 3888 4094 4052 80 4633 4519 4948 604 4040 285 4358 4506 2961 5487 4039 3446 4166 3586 3918 2565 3922 3487 1495 3749 2982 730 716 4408 322 3465 864 3302 1216 431 1319 4125 155 2238 1326 930 996 4422 3640 2911 4658 1975 342 3171 5121 3306 3816 457 1926 385 2265 1303 135 2330 3251 1713 1732 3457 1198 337 1774 487 112 3350 3048 675 1543 1459 2554 1880 448 2782 4863 3317 462 4371 1955 745 2221 381 4319 4868 3803 291 4437 2380 528 1908 1343 1382 546 1975 2031 152 2088 3883 3809 1245 344 1004 860 3691 387 3174 3992 2341 300 1953 2708 4153 5158 2651 4862 385 201 4824 1529 367 4117 5017 870 3233 4359 402 1405 4082 2542 1991 2076 2547 527 2238 1892 148 3903 4538 425 3879 4991 315 1353 3926 59 3903 2406 1966 1970 1651 3529 421 1690 3260 2010 422 2799 2447 3296 2930 5002 2474 3838 4199 89 4726 2256 