30 15
62 56 25 68 89 92 75 22 7 21 37 7 26 69 45 
41 54 81 3 78 69 34 28 95 39 44 60 35 34 56 
31 39 11 70 46 81 44 59 18 32 4 35 60 33 4 
73 74 71 71 4 14 33 16 80 87 50 95 6 81 1 
79 7 35 68 53 13 89 18 82 58 49 39 96 70 84 
48 25 8 87 90 76 12 43 34 44 27 17 38 9 87 
65 72 5 33 97 55 13 51 44 83 23 65 64 13 76 
59 36 57 91 44 79 98 67 16 21 94 90 64 57 6 
77 66 70 86 24 88 48 46 20 5 76 55 12 27 72 
54 51 69 68 64 70 23 39 96 16 16 94 5 78 42 
87 27 47 65 91 53 23 26 100 97 43 11 91 32 20 
30 1 82 92 25 49 4 99 39 6 39 7 70 81 51 
36 2 24 29 7 87 30 66 66 73 49 16 89 68 7 
100 16 34 78 89 38 77 8 35 81 50 81 100 89 64 
63 10 6 21 75 27 1 46 37 86 69 86 28 88 10 
35 44 33 56 95 55 47 82 58 83 6 97 81 42 21 
18 84 38 18 6 34 67 46 74 21 41 33 51 57 41 
60 43 59 47 74 47 25 4 33 2 16 88 67 70 18 
91 93 35 38 78 9 34 93 3 35 77 44 52 79 90 
34 41 79 97 44 3 36 78 58 54 44 67 20 55 69 
3 74 96 94 48 45 82 29 13 52 56 69 16 20 36 
1 51 1 41 83 27 9 34 70 34 17 47 4 29 5 
51 50 49 3 65 28 97 22 28 24 72 26 65 33 73 
100 55 32 48 41 73 16 73 90 36 28 84 82 68 18 
95 77 100 29 68 31 70 46 52 31 11 69 80 39 92 
49 1 7 51 25 14 83 47 22 67 95 3 53 34 74 
50 22 67 93 20 49 33 74 42 47 73 34 70 10 73 
82 8 11 74 81 77 88 94 100 13 26 54 4 76 66 
14 76 100 34 44 25 82 45 11 15 3 89 22 15 70 
21 83 87 8 26 58 96 28 9 17 84 97 23 20 14 
0 8 6 6 7 5 5 4 5 10 10 8 7 1 7 6 
8 0 4 4 11 5 13 12 13 6 8 10 3 9 3 2 
6 4 0 6 7 1 9 8 9 4 4 6 1 5 1 2 
6 4 6 0 9 5 11 10 11 10 10 8 7 7 7 4 
7 11 7 9 0 6 4 5 6 5 3 1 8 6 8 9 
5 5 1 5 6 0 8 7 8 5 5 5 2 4 2 3 
5 13 9 11 4 8 0 1 2 7 7 5 10 4 10 11 
4 12 8 10 5 7 1 0 1 8 8 6 9 3 9 10 
5 13 9 11 6 8 2 1 0 9 9 7 10 4 10 11 
10 6 4 10 5 5 7 8 9 0 2 4 3 9 3 6 
10 8 4 10 3 5 7 8 9 2 0 2 5 9 5 6 
8 10 6 8 1 5 5 6 7 4 2 0 7 7 7 8 
7 3 1 7 8 2 10 9 10 3 5 7 0 6 0 3 
1 9 5 7 6 4 4 3 4 9 9 7 6 0 6 7 
7 3 1 7 8 2 10 9 10 3 5 7 0 6 0 3 
6 2 2 4 9 3 11 10 11 6 6 8 3 7 3 0 
619 532 139 104 533 141 291 531 500 519 709 311 61 475 564 215 387 279 764 707 104 377 638 624 473 493 248 124 114 597 