40 20
63 55 63 70 68 51 97 43 98 77 93 6 46 1 61 17 46 86 15 33 
11 80 16 55 32 4 52 45 2 27 43 46 77 10 77 82 37 82 33 33 
19 61 30 62 37 58 17 2 62 85 93 88 20 92 24 71 56 75 48 11 
57 81 81 84 85 31 58 19 100 16 51 72 52 71 26 36 77 76 22 87 
10 69 55 76 31 77 57 33 50 29 97 57 61 27 9 24 56 42 51 36 
95 63 18 90 46 1 28 82 20 20 51 82 85 62 92 72 44 5 57 100 
76 47 3 8 21 23 26 30 72 20 59 11 31 75 16 78 92 61 37 1 
68 37 18 64 76 6 27 5 97 20 29 44 50 85 34 100 29 31 57 32 
36 56 42 82 32 27 96 55 63 100 12 76 23 22 57 52 45 25 91 40 
48 71 21 6 54 93 73 24 82 8 79 53 81 26 15 28 72 99 40 31 
72 91 90 88 52 30 81 74 26 21 46 21 76 35 74 92 23 13 20 51 
26 67 33 38 73 90 64 20 93 78 26 43 71 18 86 95 48 11 7 98 
71 44 38 53 76 39 47 38 43 100 1 43 87 2 59 34 24 22 43 87 
15 49 89 99 17 27 54 21 94 39 42 46 2 93 37 70 23 2 75 82 
98 70 39 95 40 51 32 15 58 49 94 1 71 57 82 85 80 76 9 83 
55 74 26 89 86 13 11 99 49 28 30 53 85 62 100 51 62 17 84 22 
30 47 5 3 81 34 46 99 74 57 44 97 97 7 61 36 11 57 15 37 
84 61 33 52 97 22 97 15 25 35 23 15 75 12 13 13 70 48 5 37 
55 42 98 53 67 79 25 72 15 91 7 72 33 31 45 57 44 12 63 98 
2 66 50 88 97 95 48 16 80 14 91 56 87 53 90 27 47 98 89 87 
50 97 13 21 56 36 46 19 56 65 62 90 14 53 36 58 79 35 62 39 
72 29 46 88 73 81 83 12 85 97 45 78 26 20 92 52 48 18 36 71 
86 56 79 35 57 100 48 93 86 89 36 72 69 65 25 2 88 31 51 24 
91 15 86 54 69 66 95 52 74 54 6 50 69 86 14 48 97 48 41 75 
19 53 4 20 31 38 83 3 70 65 34 31 24 11 34 65 50 35 62 36 
86 60 16 83 58 33 52 49 31 44 18 44 35 37 16 93 97 1 14 54 
55 24 94 61 59 52 2 6 60 56 25 21 87 1 6 65 1 100 32 21 
22 91 74 14 39 11 96 25 1 98 89 45 42 21 33 11 69 99 47 91 
54 56 37 91 41 41 27 20 42 83 88 77 91 50 11 49 96 45 49 16 
47 41 77 51 50 8 23 39 58 53 7 69 16 3 58 95 17 78 20 16 
82 40 7 95 42 14 56 48 80 4 22 14 47 13 95 18 76 85 17 61 
7 42 11 47 95 78 21 88 22 62 84 53 55 96 54 2 69 32 34 74 
29 12 81 22 56 100 37 38 18 12 13 33 68 99 22 68 54 97 26 2 
34 14 42 78 99 23 24 69 57 31 65 63 84 1 32 3 38 98 68 5 
51 60 9 44 24 32 97 34 85 4 59 4 54 26 79 13 70 57 52 63 
70 88 68 17 22 77 40 74 1 85 95 32 33 89 57 39 16 25 40 14 
27 82 3 43 42 65 97 74 52 60 45 76 9 26 64 87 12 88 51 78 
58 6 19 30 94 21 53 93 15 70 70 63 96 54 82 70 36 84 94 53 
44 32 14 41 55 59 66 18 86 16 31 31 36 11 8 82 73 8 60 49 
66 62 24 36 47 5 25 43 30 7 13 4 85 32 42 69 57 31 73 17 
0 6 8 12 7 10 8 3 8 4 0 9 7 5 3 6 5 5 6 9 11 
6 0 2 6 5 4 4 3 2 2 6 5 11 3 9 2 7 7 2 9 5 
8 2 0 6 7 2 6 5 4 4 8 7 13 5 11 4 9 9 4 11 7 
12 6 6 0 11 4 4 9 8 8 12 3 7 9 15 8 13 13 6 5 1 
7 5 7 11 0 9 7 4 3 3 7 8 12 2 4 3 2 2 5 10 10 
10 4 2 4 9 0 4 7 6 6 10 5 11 7 13 6 11 11 4 9 5 
8 4 6 4 7 4 0 5 6 4 8 1 7 5 11 4 9 9 2 5 3 
3 3 5 9 4 7 5 0 5 1 3 6 8 2 6 3 4 4 3 6 8 
8 2 4 8 3 6 6 5 0 4 8 7 13 3 7 2 5 5 4 11 7 
4 2 4 8 3 6 4 1 4 0 4 5 9 1 7 2 5 5 2 7 7 
0 6 8 12 7 10 8 3 8 4 0 9 7 5 3 6 5 5 6 9 11 
9 5 7 3 8 5 1 6 7 5 9 0 6 6 12 5 10 10 3 4 2 
7 11 13 7 12 11 7 8 13 9 7 6 0 10 10 11 10 10 9 2 6 
5 3 5 9 2 7 5 2 3 1 5 6 10 0 6 1 4 4 3 8 8 
3 9 11 15 4 13 11 6 7 7 3 12 10 6 0 7 2 2 9 12 14 
6 2 4 8 3 6 4 3 2 2 6 5 11 1 7 0 5 5 2 9 7 
5 7 9 13 2 11 9 4 5 5 5 10 10 4 2 5 0 0 7 10 12 
5 7 9 13 2 11 9 4 5 5 5 10 10 4 2 5 0 0 7 10 12 
6 2 4 6 5 4 2 3 4 2 6 3 9 3 9 2 7 7 0 7 5 
9 9 11 5 10 9 5 6 11 7 9 4 2 8 12 9 10 10 7 0 4 
11 5 7 1 10 5 3 8 7 7 11 2 6 8 14 7 12 12 5 4 0 
25 525 499 306 58 754 501 816 1006 160 508 142 405 443 984 184 294 74 82 850 108 837 1100 898 345 825 382 999 510 425 340 968 255 547 475 369 72 518 216 289 