100 50
22 73 30 84 63 58 39 30 92 91 95 4 15 40 67 2 100 71 72 12 99 59 9 49 76 6 94 42 99 52 6 9 65 2 39 89 73 82 22 56 64 91 64 34 75 44 33 33 85 10 
40 64 54 95 85 17 52 84 99 50 36 100 84 21 79 71 78 64 68 29 22 92 15 48 78 89 6 3 27 41 18 96 42 69 25 36 31 52 68 50 88 20 76 96 82 92 27 31 82 77 
6 17 16 39 17 78 19 10 74 17 47 84 61 82 18 63 91 99 65 100 39 27 29 70 28 33 61 62 78 87 43 95 94 91 20 59 51 57 90 40 55 74 63 42 47 1 2 60 22 37 
6 92 52 7 63 55 1 85 97 1 93 33 80 90 87 13 90 37 75 43 45 33 47 13 10 23 25 82 58 82 13 34 2 9 38 49 91 57 60 36 13 78 100 79 9 72 59 74 44 71 
5 60 71 42 92 34 74 52 20 52 7 46 40 3 40 19 55 31 24 99 48 72 44 85 28 42 93 60 55 11 73 91 73 87 3 53 23 62 47 58 34 24 12 11 7 56 7 56 39 1 
94 31 21 62 91 75 63 51 44 62 77 41 18 44 29 79 70 77 37 70 94 98 13 19 29 22 26 65 15 51 23 98 34 71 78 33 62 21 5 24 67 58 32 66 49 65 30 61 42 67 
66 89 80 47 8 32 53 13 100 92 33 93 21 56 70 30 77 9 96 76 60 40 70 90 80 96 6 8 29 75 20 86 25 71 94 57 66 99 67 59 26 92 97 58 12 85 75 37 41 9 
44 12 76 100 58 92 9 85 9 68 86 93 50 45 24 7 53 90 53 65 8 85 2 12 50 89 27 89 81 97 35 48 58 90 18 13 68 8 44 100 24 15 7 73 66 73 24 80 65 16 
4 19 43 45 81 10 22 18 79 7 47 97 100 86 56 80 10 43 70 72 2 30 4 41 47 73 34 13 3 4 27 29 3 30 63 97 45 20 12 24 95 52 80 27 86 86 51 61 88 61 
35 52 70 51 34 81 15 79 20 20 39 88 71 42 14 33 79 4 74 1 25 89 95 86 94 31 71 53 69 92 93 94 1 16 43 21 17 46 10 39 80 37 66 39 70 85 46 56 3 59 
68 36 66 59 81 31 60 16 89 89 14 96 29 95 29 54 91 50 59 37 9 55 53 26 67 59 25 29 78 87 80 14 99 86 84 80 1 33 2 27 2 67 28 45 68 85 93 10 28 67 
71 1 7 41 59 38 8 24 16 2 65 32 5 85 95 50 28 71 1 93 82 28 89 92 81 53 1 52 69 16 32 77 5 32 17 63 32 80 92 44 29 43 8 88 86 1 29 43 93 7 
79 34 23 92 55 14 23 88 19 14 86 93 34 63 4 30 30 80 11 20 14 3 70 85 51 29 1 96 60 64 60 49 65 77 55 86 9 100 28 36 94 47 14 79 52 27 65 43 76 9 
96 99 48 95 80 87 66 37 88 61 71 17 56 94 87 97 3 13 17 50 55 21 3 4 54 68 99 60 8 23 66 74 4 55 84 51 30 99 78 7 27 94 34 56 48 71 56 48 76 13 
10 81 13 75 19 20 44 38 74 42 100 13 75 65 74 47 24 82 37 20 21 85 66 78 43 6 78 13 23 1 46 31 71 73 34 49 52 84 2 44 95 9 98 53 24 99 43 57 84 32 
52 48 35 8 14 13 66 65 9 75 43 15 30 20 68 78 96 94 74 61 7 10 7 30 74 16 63 2 13 77 1 6 100 12 96 31 78 26 8 42 43 31 74 54 76 64 20 59 67 9 
67 69 87 90 61 66 64 37 60 31 57 1 84 18 44 50 22 72 58 22 31 64 10 51 100 63 90 83 23 9 15 97 68 76 19 3 57 71 90 2 84 51 78 71 29 22 85 92 94 44 
84 61 7 70 100 57 58 29 56 20 56 29 54 26 60 67 35 11 45 91 26 61 93 88 9 80 11 8 56 37 23 20 41 100 77 37 77 48 11 90 66 21 67 89 54 78 19 79 87 53 
9 37 41 28 23 28 73 75 78 66 2 85 6 4 34 87 1 11 53 37 4 13 87 16 45 95 69 51 92 65 45 35 98 4 78 98 34 37 34 92 79 39 17 18 13 31 76 49 67 12 
50 73 47 68 19 96 43 66 35 13 86 23 21 100 8 11 76 77 91 54 31 52 55 4 80 10 91 27 34 38 92 92 34 66 62 12 98 91 76 1 87 57 26 70 83 1 11 94 60 78 
17 75 55 16 90 59 63 1 73 57 64 37 75 72 12 72 34 95 16 32 86 21 4 59 100 54 76 13 100 8 47 13 20 12 83 3 73 96 63 19 11 81 21 73 15 71 22 25 14 18 
73 80 17 52 34 86 26 80 79 40 68 76 59 89 45 58 24 33 63 90 25 82 9 91 35 2 64 72 47 1 78 2 61 31 83 86 43 71 80 94 29 69 99 10 16 70 65 86 90 7 
14 61 49 6 89 27 98 34 68 81 39 86 87 52 88 60 87 16 100 11 73 56 18 41 89 7 100 1 88 51 41 8 6 31 18 61 42 58 45 33 95 79 45 85 56 73 88 57 37 25 
40 84 19 70 85 79 67 28 56 80 41 72 79 32 64 43 32 47 19 86 7 100 63 78 70 64 31 90 100 91 24 70 6 82 93 41 37 14 52 99 65 39 27 7 73 15 24 45 55 57 
82 79 76 12 6 7 89 39 90 88 78 36 15 54 94 18 83 83 83 79 74 87 73 19 5 36 28 42 22 96 60 30 9 71 11 40 84 88 2 77 2 86 40 62 11 99 50 92 33 89 
45 50 29 96 65 17 48 48 64 68 93 88 95 25 27 29 28 75 33 1 5 96 30 42 44 73 29 91 32 31 4 4 22 75 48 93 5 72 100 55 67 76 14 35 92 49 35 52 76 63 
65 48 28 86 63 23 24 2 27 59 62 81 17 31 7 30 15 84 76 72 38 61 18 19 69 19 77 89 9 65 66 7 100 44 89 85 5 45 8 55 13 98 32 43 99 79 81 11 75 51 
96 97 25 93 76 2 75 49 3 10 43 25 26 23 27 4 66 18 95 21 48 48 10 83 22 4 81 45 76 32 52 56 24 84 21 90 23 71 42 98 92 89 38 95 7 52 85 53 9 91 
33 71 25 69 96 18 50 49 41 68 42 13 3 5 92 63 76 50 59 91 11 12 37 28 9 65 25 33 45 12 64 83 82 77 51 87 31 7 58 39 70 70 64 8 27 76 55 48 61 40 
45 38 15 64 26 29 88 1 42 55 78 82 11 50 16 45 37 62 31 80 93 61 88 88 31 96 11 45 45 57 77 52 14 63 79 18 75 8 25 19 65 22 3 56 40 86 50 3 93 48 
35 27 35 9 68 68 34 70 61 14 60 28 56 65 96 48 59 91 97 84 45 78 48 62 61 52 57 1 20 80 37 76 49 76 70 19 14 72 92 57 63 19 56 51 56 16 2 57 1 37 
37 57 13 40 28 9 100 43 88 35 45 29 47 85 3 96 95 36 84 26 64 99 87 55 39 21 100 52 85 12 73 10 93 87 40 49 1 53 7 83 94 53 35 86 89 16 1 71 27 25 
51 73 85 71 87 62 60 31 25 17 79 43 99 31 19 57 42 30 21 98 72 72 60 38 47 100 18 13 13 28 86 58 56 48 53 14 78 24 97 98 19 72 2 21 39 34 79 4 23 76 
30 33 11 53 22 90 96 4 15 63 62 58 30 19 100 32 19 42 31 51 55 27 62 28 47 5 54 66 94 64 32 52 95 76 97 67 5 100 91 39 83 53 66 79 64 78 10 22 88 12 
49 35 94 37 98 32 82 89 77 82 50 84 26 45 30 41 54 14 84 24 66 11 32 35 34 82 46 3 33 71 8 9 9 49 85 54 68 68 26 60 76 75 47 62 60 96 43 33 71 65 
100 59 19 86 55 8 11 78 28 13 80 99 14 50 10 82 10 29 58 34 27 19 6 67 1 32 29 62 64 12 85 57 62 68 15 87 8 43 85 15 64 36 40 81 36 84 47 22 64 46 
50 54 21 1 97 27 57 20 21 4 63 37 40 27 45 72 88 34 32 25 13 68 66 23 48 28 13 94 29 56 12 40 49 56 17 48 94 1 4 25 60 48 89 83 22 21 64 79 60 51 
90 36 76 26 58 46 59 12 68 55 15 97 53 63 90 83 11 65 47 88 87 76 75 19 49 49 78 79 10 52 25 87 18 63 19 99 24 72 18 8 36 84 44 6 53 74 49 38 100 75 
9 35 60 64 72 72 52 81 89 85 67 32 56 28 33 1 72 22 28 62 80 3 71 22 89 90 47 44 8 89 62 16 1 19 70 34 2 60 76 61 83 83 16 59 98 7 35 93 19 12 
65 63 68 19 45 12 60 36 64 69 89 2 63 79 99 71 25 12 93 21 82 82 1 43 7 64 63 14 48 27 32 57 22 90 1 5 66 98 19 96 8 44 29 92 75 84 66 45 42 10 
62 36 46 17 67 10 58 11 46 1 24 90 16 86 94 77 62 82 34 35 18 29 86 42 53 90 56 29 22 64 24 99 29 45 23 17 79 37 3 36 95 17 46 38 18 63 38 73 34 83 
18 96 58 91 23 51 7 35 90 62 65 41 69 20 57 96 78 35 33 95 23 94 35 4 86 58 46 35 41 81 8 50 35 27 44 74 55 82 58 59 42 61 18 90 83 89 75 66 24 46 
14 63 47 18 6 22 72 3 58 75 68 81 93 56 65 46 76 91 77 81 71 71 24 5 49 14 10 82 85 14 92 41 70 41 58 34 47 17 70 42 95 30 39 75 81 93 1 29 22 48 
96 41 33 27 95 52 80 61 16 35 27 93 24 85 50 72 96 84 30 75 17 30 31 81 74 26 16 41 30 53 9 73 55 55 85 55 32 20 53 38 25 44 44 72 73 76 19 82 39 19 
9 46 1 44 95 47 98 65 97 35 36 86 55 76 62 66 16 66 41 28 24 77 55 93 41 62 17 79 15 10 39 79 2 49 6 76 75 42 4 95 40 51 82 89 53 77 40 25 75 73 
85 18 4 13 17 15 32 26 42 73 80 9 18 9 67 17 53 7 96 28 93 88 79 43 55 21 79 18 65 73 77 21 61 74 74 86 87 12 76 66 12 77 85 59 83 11 61 61 83 21 
27 50 57 96 48 82 57 38 76 60 91 28 13 40 86 17 29 71 42 66 11 33 95 72 34 7 34 3 71 46 4 81 5 51 94 89 90 32 74 30 35 58 34 34 35 72 99 55 33 2 
31 41 82 52 92 48 6 16 80 93 63 66 97 68 10 34 44 18 28 99 29 88 34 81 31 99 32 56 2 71 3 43 34 1 78 21 7 62 86 74 30 94 50 65 100 45 97 71 32 12 
11 25 61 65 11 30 55 19 100 94 20 63 38 15 71 37 87 95 92 48 34 56 41 86 29 53 56 70 50 16 99 36 81 24 88 5 10 45 79 83 99 56 51 69 73 74 28 17 49 35 
79 31 68 100 87 20 30 32 32 18 31 2 48 39 16 17 34 41 96 69 98 26 57 80 67 45 99 78 51 36 39 46 9 24 77 43 96 98 48 10 58 52 64 49 92 54 83 27 7 98 
5 61 81 98 40 35 77 89 3 93 28 96 40 76 83 45 56 91 27 16 67 83 84 47 23 3 10 10 41 86 58 8 8 54 29 21 89 6 93 99 1 49 29 48 34 45 9 34 5 71 
1 83 55 43 94 30 27 53 75 22 48 64 82 14 36 40 37 48 34 15 66 12 89 72 91 11 92 69 75 25 17 67 61 85 93 98 8 49 100 19 72 48 27 52 82 77 26 20 55 17 
83 48 50 3 19 63 34 81 58 38 27 22 39 16 31 12 29 84 96 33 34 82 9 47 22 15 24 94 38 70 47 37 87 59 14 96 78 92 89 18 22 68 83 8 67 27 5 66 96 75 
60 84 16 19 27 67 84 18 81 83 31 27 76 15 9 86 48 92 21 31 61 58 18 40 99 95 26 10 42 68 40 48 45 60 53 96 15 42 10 92 52 50 63 81 18 75 48 69 57 17 
54 96 17 72 35 79 12 5 81 69 56 52 79 94 42 51 85 60 66 23 4 61 27 21 5 50 87 57 68 47 75 72 53 72 50 31 62 94 9 85 26 28 30 23 85 11 22 25 90 81 
84 89 88 87 74 49 58 4 48 85 76 67 72 54 41 100 14 6 77 66 24 98 16 96 3 88 89 45 88 51 25 54 100 17 84 15 54 51 67 77 11 52 81 8 100 39 11 100 3 5 
31 44 97 99 80 54 83 7 44 35 43 40 98 36 82 85 89 69 38 6 51 3 4 92 53 56 13 28 41 6 48 93 55 100 65 7 36 39 43 73 6 19 56 3 88 50 92 72 63 30 
49 41 59 63 91 16 66 65 67 11 11 58 45 20 28 39 62 25 51 88 53 62 71 14 1 98 28 27 62 1 29 83 69 35 44 46 17 81 31 1 25 49 41 18 27 60 8 25 28 64 
21 95 94 29 13 22 84 8 92 95 77 63 18 72 44 40 2 59 80 78 100 6 4 35 64 28 29 63 20 70 5 19 69 23 19 100 13 43 23 38 16 65 71 19 50 20 37 28 43 22 
10 61 57 52 57 96 28 2 43 40 26 69 47 54 27 8 48 30 69 87 96 93 43 75 87 26 85 19 12 43 83 95 32 12 78 6 12 18 4 39 49 12 3 68 15 99 86 36 23 45 
45 98 20 7 58 27 90 37 22 64 52 26 8 30 79 75 93 60 38 91 63 71 100 80 57 72 48 36 13 59 7 24 62 5 26 13 59 91 96 61 57 15 26 46 96 67 86 38 30 38 
24 20 56 37 41 84 21 94 78 56 80 21 87 88 96 8 51 63 75 85 74 90 47 86 9 9 64 52 6 45 93 57 76 26 36 92 78 52 35 85 57 18 64 57 79 64 44 82 92 47 
3 70 59 16 8 76 83 31 8 39 36 80 14 73 13 62 83 54 66 6 26 65 92 84 67 46 57 93 64 39 98 76 40 9 86 18 26 40 97 83 35 26 31 15 62 64 53 57 96 13 
66 24 57 65 27 91 81 76 77 24 10 66 20 75 100 35 49 82 14 34 83 63 40 81 34 79 2 84 68 11 36 85 61 12 87 40 20 98 29 62 53 19 36 49 80 30 54 48 99 24 
39 58 79 26 74 65 25 84 90 62 5 67 25 45 70 61 66 24 8 58 8 6 9 48 27 34 28 67 23 73 39 61 2 20 82 69 61 37 2 88 85 92 42 70 34 100 48 33 62 74 
59 90 88 10 83 43 71 60 78 30 56 6 25 47 10 14 33 80 2 5 4 70 90 60 64 85 28 31 59 97 96 93 47 18 71 24 26 60 31 33 21 92 34 36 58 68 2 48 14 43 
85 87 63 4 42 15 99 84 12 45 70 42 59 29 86 41 54 12 45 54 79 63 79 9 95 24 73 16 91 2 79 83 28 91 19 31 89 67 17 95 57 28 44 39 88 36 9 47 53 25 
68 59 53 54 68 91 17 68 17 43 38 78 63 25 53 28 93 17 52 92 8 12 6 80 43 65 5 10 23 89 34 86 95 42 72 22 81 21 80 47 84 77 43 82 57 87 44 1 23 8 
34 75 79 79 90 94 18 18 52 10 72 55 57 99 60 75 48 8 73 27 72 18 22 26 43 17 29 53 9 22 43 25 89 79 45 68 22 36 53 92 69 73 67 74 97 32 14 7 67 65 
52 68 91 80 54 69 71 54 4 80 63 44 86 11 19 53 45 44 96 7 97 95 65 6 2 60 25 50 76 25 78 90 79 42 39 39 60 16 15 61 92 30 33 43 4 59 94 2 30 28 
39 6 9 27 42 84 90 68 52 47 7 98 52 6 91 77 16 69 19 94 17 18 88 2 80 91 33 74 33 14 24 44 86 29 34 52 1 29 37 71 24 61 17 69 26 36 17 68 36 39 
30 80 15 35 75 41 86 67 88 78 45 5 35 53 88 47 90 11 90 17 69 71 94 14 67 95 29 98 99 63 66 29 18 34 13 8 25 67 29 41 82 9 66 51 56 19 76 86 87 41 
68 67 67 45 12 95 33 35 54 88 81 71 48 28 72 18 92 39 68 79 56 83 73 35 70 33 68 95 65 22 3 88 92 44 16 7 98 85 90 83 33 86 42 10 10 1 24 11 30 54 
19 71 71 22 95 19 67 100 58 51 79 87 32 58 19 80 94 63 4 14 42 2 7 76 82 46 38 69 89 37 6 43 44 99 78 76 45 27 39 53 18 9 57 52 49 5 39 26 72 6 
3 2 56 93 94 80 78 46 77 59 53 23 19 41 80 54 89 90 74 12 9 12 36 17 55 39 21 46 59 77 76 97 96 19 21 63 79 92 87 96 27 71 12 35 40 64 17 1 98 74 
74 10 47 8 42 34 72 20 23 82 83 85 62 96 9 7 49 100 92 71 52 84 89 5 18 73 11 46 81 88 39 97 12 43 59 19 43 50 21 82 15 62 18 34 45 54 32 14 59 26 
47 1 54 69 66 93 75 45 80 30 52 86 8 61 84 21 54 90 44 82 38 11 78 66 22 34 12 84 1 59 31 73 47 74 69 87 23 46 81 58 71 28 4 89 39 4 91 32 85 31 
9 71 87 75 2 64 50 52 98 35 4 74 98 74 45 62 77 81 7 100 35 34 64 84 99 43 93 100 74 70 100 98 57 2 54 17 14 56 64 9 67 100 40 33 79 4 14 73 98 83 
2 2 40 63 96 14 88 97 33 100 76 28 91 33 29 84 83 56 7 18 40 14 68 34 65 43 16 38 5 17 3 95 53 50 82 58 75 100 81 5 71 61 79 85 59 63 93 72 71 21 
61 32 43 98 98 82 77 16 15 31 78 91 41 67 18 36 10 84 49 98 26 26 58 12 10 82 45 29 79 26 74 47 41 93 22 66 2 24 19 92 70 23 92 96 2 66 79 78 58 49 
48 37 8 51 17 6 90 14 92 90 39 71 42 54 81 39 15 51 95 48 37 4 76 60 48 32 53 85 54 96 63 40 55 52 13 66 40 25 29 10 61 31 44 4 80 29 85 11 51 85 
13 25 55 14 54 4 51 65 74 70 42 90 3 63 80 14 83 38 39 100 83 11 65 28 93 28 89 79 43 27 1 21 96 66 10 51 88 83 63 9 19 46 37 33 1 56 78 83 52 9 
60 6 98 58 89 18 8 72 8 51 45 39 98 100 10 98 79 82 97 53 77 76 8 58 100 50 40 55 60 99 72 86 37 37 3 82 70 97 6 95 87 13 34 40 14 59 41 89 70 9 
21 35 47 62 12 33 67 74 78 66 47 44 83 79 42 83 37 95 4 88 97 98 45 74 81 35 9 36 20 56 9 67 33 81 30 27 68 52 88 83 17 71 90 93 28 11 55 92 31 98 
90 21 32 34 28 10 66 45 10 23 4 46 14 75 33 9 65 87 98 10 5 39 96 52 52 6 97 33 33 65 78 70 90 67 84 96 90 48 81 67 88 99 86 20 63 3 76 87 47 89 
22 43 29 96 10 9 51 79 2 23 39 43 34 94 100 76 38 10 18 2 32 65 92 23 92 8 60 48 84 14 72 14 60 1 48 5 4 49 41 95 37 98 75 64 15 65 10 16 9 17 
32 62 19 92 42 4 99 52 96 7 6 95 17 35 2 37 18 27 89 98 49 87 56 42 8 74 82 51 77 36 87 89 6 15 30 26 43 20 67 5 85 86 73 18 84 47 66 30 60 93 
48 6 31 57 99 11 36 25 94 90 84 13 85 78 26 13 76 46 32 14 73 66 91 4 10 54 39 68 84 46 63 7 58 32 72 64 28 52 5 11 88 21 99 92 29 25 65 16 83 84 
9 62 39 24 51 13 39 64 50 50 95 52 45 67 36 9 67 41 37 60 61 6 13 83 49 34 63 84 82 14 42 24 36 4 85 42 80 3 41 59 41 82 36 81 95 25 92 90 2 45 
45 18 10 43 20 66 80 29 94 7 50 54 39 60 88 98 62 50 25 38 15 55 81 26 22 96 28 6 61 9 39 69 85 47 27 94 5 17 88 77 81 72 89 63 40 70 81 66 80 81 
61 31 67 28 19 80 67 19 5 37 9 15 21 39 21 58 23 60 79 34 67 77 39 55 22 87 21 74 53 69 71 25 30 92 55 39 11 1 46 96 57 91 100 82 33 25 55 33 12 72 
93 77 75 34 32 31 6 95 94 23 42 42 72 83 99 45 28 53 83 42 81 18 43 76 10 45 89 15 53 94 59 32 30 45 37 76 40 43 53 21 22 67 42 19 77 52 24 72 82 7 
49 94 77 3 27 49 7 63 10 71 41 77 1 31 54 34 76 39 20 97 50 43 63 24 48 75 67 97 4 31 87 61 47 73 55 6 41 86 41 88 19 36 48 24 63 5 96 58 91 97 
8 77 53 24 75 95 71 57 11 97 22 46 58 55 2 45 16 57 10 8 46 8 46 86 84 86 85 10 48 86 15 92 5 21 11 36 30 55 69 32 18 27 12 54 95 11 76 64 22 2 
47 35 63 3 95 83 54 94 12 18 65 13 60 4 47 8 32 10 93 4 12 11 100 25 97 59 64 50 22 77 90 29 34 56 4 19 96 30 100 23 39 46 15 49 93 6 93 68 84 29 
36 3 93 24 66 88 92 25 46 12 1 85 26 78 40 32 76 16 80 72 52 37 1 98 10 70 68 62 10 10 39 39 49 45 10 24 24 8 50 77 8 50 56 10 58 77 28 32 17 81 
100 93 66 44 45 35 66 97 37 2 86 18 85 49 51 64 30 74 44 9 7 11 72 52 95 49 11 47 5 36 12 17 45 65 24 33 48 98 100 95 85 87 77 17 73 67 66 97 65 16 
100 38 75 57 92 70 17 12 24 82 70 10 10 34 52 51 23 94 71 27 56 27 93 18 59 86 6 34 4 72 42 27 26 12 83 93 17 30 85 4 19 45 59 6 48 3 26 60 67 6 
38 79 24 34 63 69 60 28 21 34 66 62 68 86 33 48 39 17 23 2 64 70 27 59 97 60 71 96 71 43 22 59 48 75 46 25 95 32 31 62 24 26 40 1 56 83 21 80 72 77 
10 92 81 95 72 47 93 9 47 36 9 62 38 97 31 74 41 94 32 17 73 26 97 56 46 39 53 85 41 54 13 50 17 93 72 13 16 17 39 8 21 68 92 78 61 2 92 53 38 94 
0 5 9 5 4 3 4 2 2 3 7 5 0 5 3 4 6 3 8 12 3 6 4 6 7 0 6 9 2 5 9 6 6 8 4 11 9 4 3 9 3 11 8 5 3 7 3 11 2 6 6 
5 0 4 0 3 8 1 5 7 8 8 8 5 4 4 7 1 4 3 7 6 9 7 9 2 5 9 6 3 4 4 9 1 5 1 14 12 3 6 12 4 6 11 6 6 6 6 6 7 7 1 
9 4 0 4 5 12 5 7 11 12 6 6 9 4 8 5 3 8 1 3 8 9 11 7 2 9 7 4 7 4 2 9 3 3 5 12 10 5 10 10 6 4 9 4 8 4 10 2 11 5 3 
5 0 4 0 3 8 1 5 7 8 8 8 5 4 4 7 1 4 3 7 6 9 7 9 2 5 9 6 3 4 4 9 1 5 1 14 12 3 6 12 4 6 11 6 6 6 6 6 7 7 1 
4 3 5 3 0 7 2 2 6 7 5 5 4 1 3 4 2 3 4 8 3 6 6 6 3 4 6 5 2 1 5 6 4 4 2 11 9 0 5 9 1 7 8 3 3 3 5 7 6 4 4 
3 8 12 8 7 0 7 5 1 2 10 8 3 8 6 7 9 6 11 15 4 3 1 5 10 3 5 12 5 8 12 3 9 11 7 8 6 7 2 6 6 14 9 8 4 10 2 14 1 9 9 
4 1 5 1 2 7 0 4 6 7 7 7 4 3 3 6 2 3 4 8 5 8 6 8 3 4 8 5 2 3 5 8 2 4 0 13 11 2 5 11 3 7 10 5 5 5 5 7 6 6 2 
2 5 7 5 2 5 4 0 4 5 5 3 2 3 5 2 4 5 6 10 1 4 4 4 5 2 4 7 2 3 7 4 6 6 4 9 7 2 3 7 1 9 6 3 1 5 3 9 4 4 6 
2 7 11 7 6 1 6 4 0 1 9 7 2 7 5 6 8 5 10 14 3 4 2 4 9 2 4 11 4 7 11 4 8 10 6 9 7 6 1 7 5 13 8 7 3 9 1 13 0 8 8 
3 8 12 8 7 2 7 5 1 0 10 8 3 8 4 7 9 4 11 15 4 5 3 5 10 3 5 12 5 8 12 5 9 11 7 10 8 7 2 8 6 14 9 8 4 10 2 14 1 9 9 
7 8 6 8 5 10 7 5 9 10 0 2 7 4 8 3 7 8 5 5 6 7 9 5 6 7 5 2 5 4 8 7 9 3 7 6 4 5 8 4 4 4 3 2 6 2 8 4 9 1 9 
5 8 6 8 5 8 7 3 7 8 2 0 5 4 8 1 7 8 5 7 4 5 7 3 6 5 3 4 5 4 8 5 9 3 7 6 4 5 6 4 4 6 3 2 4 2 6 6 7 1 9 
0 5 9 5 4 3 4 2 2 3 7 5 0 5 3 4 6 3 8 12 3 6 4 6 7 0 6 9 2 5 9 6 6 8 4 11 9 4 3 9 3 11 8 5 3 7 3 11 2 6 6 
5 4 4 4 1 8 3 3 7 8 4 4 5 0 4 3 3 4 3 7 4 5 7 5 2 5 5 4 3 0 4 5 5 3 3 10 8 1 6 8 2 6 7 2 4 2 6 6 7 3 5 
3 4 8 4 3 6 3 5 5 4 8 8 3 4 0 7 5 0 7 11 6 9 7 9 6 3 9 8 3 4 8 9 5 7 3 14 12 3 6 12 4 10 11 6 6 6 6 10 5 7 5 
4 7 5 7 4 7 6 2 6 7 3 1 4 3 7 0 6 7 4 8 3 4 6 2 5 4 2 5 4 3 7 4 8 4 6 7 5 4 5 5 3 7 4 1 3 3 5 7 6 2 8 
6 1 3 1 2 9 2 4 8 9 7 7 6 3 5 6 0 5 2 6 5 8 8 8 1 6 8 5 4 3 3 8 2 4 2 13 11 2 7 11 3 5 10 5 5 5 7 5 8 6 2 
3 4 8 4 3 6 3 5 5 4 8 8 3 4 0 7 5 0 7 11 6 9 7 9 6 3 9 8 3 4 8 9 5 7 3 14 12 3 6 12 4 10 11 6 6 6 6 10 5 7 5 
8 3 1 3 4 11 4 6 10 11 5 5 8 3 7 4 2 7 0 4 7 8 10 6 1 8 6 3 6 3 3 8 4 2 4 11 9 4 9 9 5 3 8 3 7 3 9 3 10 4 4 
12 7 3 7 8 15 8 10 14 15 5 7 12 7 11 8 6 11 4 0 11 12 14 10 5 12 10 3 10 7 5 12 6 4 8 9 9 8 13 9 9 1 6 7 11 5 13 1 14 6 6 
3 6 8 6 3 4 5 1 3 4 6 4 3 4 6 3 5 6 7 11 0 3 3 3 6 3 3 8 3 4 8 3 7 7 5 8 6 3 2 6 2 10 5 4 0 6 2 10 3 5 7 
6 9 9 9 6 3 8 4 4 5 7 5 6 5 9 4 8 9 8 12 3 0 2 2 7 6 2 9 6 5 9 0 10 8 8 5 3 6 3 3 5 11 6 5 3 7 3 11 4 6 10 
4 7 11 7 6 1 6 4 2 3 9 7 4 7 7 6 8 7 10 14 3 2 0 4 9 4 4 11 4 7 11 2 8 10 6 7 5 6 1 5 5 13 8 7 3 9 1 13 2 8 8 
6 9 7 9 6 5 8 4 4 5 5 3 6 5 9 2 8 9 6 10 3 2 4 0 7 6 0 7 6 5 9 2 10 6 8 5 3 6 3 3 5 9 4 3 3 5 3 9 4 4 10 
7 2 2 2 3 10 3 5 9 10 6 6 7 2 6 5 1 6 1 5 6 7 9 7 0 7 7 4 5 2 2 7 3 3 3 12 10 3 8 10 4 4 9 4 6 4 8 4 9 5 3 
0 5 9 5 4 3 4 2 2 3 7 5 0 5 3 4 6 3 8 12 3 6 4 6 7 0 6 9 2 5 9 6 6 8 4 11 9 4 3 9 3 11 8 5 3 7 3 11 2 6 6 
6 9 7 9 6 5 8 4 4 5 5 3 6 5 9 2 8 9 6 10 3 2 4 0 7 6 0 7 6 5 9 2 10 6 8 5 3 6 3 3 5 9 4 3 3 5 3 9 4 4 10 
9 6 4 6 5 12 5 7 11 12 2 4 9 4 8 5 5 8 3 3 8 9 11 7 4 9 7 0 7 4 6 9 7 1 5 8 6 5 10 6 6 2 5 4 8 2 10 2 11 3 7 
2 3 7 3 2 5 2 2 4 5 5 5 2 3 3 4 4 3 6 10 3 6 4 6 5 2 6 7 0 3 7 6 4 6 2 11 9 2 3 9 1 9 8 3 3 5 3 9 4 4 4 
5 4 4 4 1 8 3 3 7 8 4 4 5 0 4 3 3 4 3 7 4 5 7 5 2 5 5 4 3 0 4 5 5 3 3 10 8 1 6 8 2 6 7 2 4 2 6 6 7 3 5 
9 4 2 4 5 12 5 7 11 12 8 8 9 4 8 7 3 8 3 5 8 9 11 9 2 9 9 6 7 4 0 9 3 5 5 14 12 5 10 12 6 6 11 6 8 6 10 4 11 7 3 
6 9 9 9 6 3 8 4 4 5 7 5 6 5 9 4 8 9 8 12 3 0 2 2 7 6 2 9 6 5 9 0 10 8 8 5 3 6 3 3 5 11 6 5 3 7 3 11 4 6 10 
6 1 3 1 4 9 2 6 8 9 9 9 6 5 5 8 2 5 4 6 7 10 8 10 3 6 10 7 4 5 3 10 0 6 2 15 13 4 7 13 5 7 12 7 7 7 7 5 8 8 0 
8 5 3 5 4 11 4 6 10 11 3 3 8 3 7 4 4 7 2 4 7 8 10 6 3 8 6 1 6 3 5 8 6 0 4 9 7 4 9 7 5 3 6 3 7 1 9 3 10 2 6 
4 1 5 1 2 7 0 4 6 7 7 7 4 3 3 6 2 3 4 8 5 8 6 8 3 4 8 5 2 3 5 8 2 4 0 13 11 2 5 11 3 7 10 5 5 5 5 7 6 6 2 
11 14 12 14 11 8 13 9 9 10 6 6 11 10 14 7 13 14 11 9 8 5 7 5 12 11 5 8 11 10 14 5 15 9 13 0 2 11 8 2 10 8 3 8 8 8 8 10 9 7 15 
9 12 10 12 9 6 11 7 7 8 4 4 9 8 12 5 11 12 9 9 6 3 5 3 10 9 3 6 9 8 12 3 13 7 11 2 0 9 6 0 8 8 3 6 6 6 6 8 7 5 13 
4 3 5 3 0 7 2 2 6 7 5 5 4 1 3 4 2 3 4 8 3 6 6 6 3 4 6 5 2 1 5 6 4 4 2 11 9 0 5 9 1 7 8 3 3 3 5 7 6 4 4 
3 6 10 6 5 2 5 3 1 2 8 6 3 6 6 5 7 6 9 13 2 3 1 3 8 3 3 10 3 6 10 3 7 9 5 8 6 5 0 6 4 12 7 6 2 8 0 12 1 7 7 
9 12 10 12 9 6 11 7 7 8 4 4 9 8 12 5 11 12 9 9 6 3 5 3 10 9 3 6 9 8 12 3 13 7 11 2 0 9 6 0 8 8 3 6 6 6 6 8 7 5 13 
3 4 6 4 1 6 3 1 5 6 4 4 3 2 4 3 3 4 5 9 2 5 5 5 4 3 5 6 1 2 6 5 5 5 3 10 8 1 4 8 0 8 7 2 2 4 4 8 5 3 5 
11 6 4 6 7 14 7 9 13 14 4 6 11 6 10 7 5 10 3 1 10 11 13 9 4 11 9 2 9 6 6 11 7 3 7 8 8 7 12 8 8 0 5 6 10 4 12 2 13 5 7 
8 11 9 11 8 9 10 6 8 9 3 3 8 7 11 4 10 11 8 6 5 6 8 4 9 8 4 5 8 7 11 6 12 6 10 3 3 8 7 3 7 5 0 5 5 5 7 7 8 4 12 
5 6 4 6 3 8 5 3 7 8 2 2 5 2 6 1 5 6 3 7 4 5 7 3 4 5 3 4 3 2 6 5 7 3 5 8 6 3 6 6 2 6 5 0 4 2 6 6 7 1 7 
3 6 8 6 3 4 5 1 3 4 6 4 3 4 6 3 5 6 7 11 0 3 3 3 6 3 3 8 3 4 8 3 7 7 5 8 6 3 2 6 2 10 5 4 0 6 2 10 3 5 7 
7 6 4 6 3 10 5 5 9 10 2 2 7 2 6 3 5 6 3 5 6 7 9 5 4 7 5 2 5 2 6 7 7 1 5 8 6 3 8 6 4 4 5 2 6 0 8 4 9 1 7 
3 6 10 6 5 2 5 3 1 2 8 6 3 6 6 5 7 6 9 13 2 3 1 3 8 3 3 10 3 6 10 3 7 9 5 8 6 5 0 6 4 12 7 6 2 8 0 12 1 7 7 
11 6 2 6 7 14 7 9 13 14 4 6 11 6 10 7 5 10 3 1 10 11 13 9 4 11 9 2 9 6 4 11 5 3 7 10 8 7 12 8 8 2 7 6 10 4 12 0 13 5 5 
2 7 11 7 6 1 6 4 0 1 9 7 2 7 5 6 8 5 10 14 3 4 2 4 9 2 4 11 4 7 11 4 8 10 6 9 7 6 1 7 5 13 8 7 3 9 1 13 0 8 8 
6 7 5 7 4 9 6 4 8 9 1 1 6 3 7 2 6 7 4 6 5 6 8 4 5 6 4 3 4 3 7 6 8 2 6 7 5 4 7 5 3 5 4 1 5 1 7 5 8 0 8 
6 1 3 1 4 9 2 6 8 9 9 9 6 5 5 8 2 5 4 6 7 10 8 10 3 6 10 7 4 5 3 10 0 6 2 15 13 4 7 13 5 7 12 7 7 7 7 5 8 8 0 
70 2241 341 1072 1956 1481 2759 186 1137 2183 1491 979 369 384 92 1215 1340 961 1729 2175 607 2079 889 1001 448 355 499 596 776 1803 989 1313 322 863 2287 136 1460 317 320 12 361 2561 1911 2511 1098 2047 1826 1386 105 1230 2041 1678 2286 1108 2372 387 2448 293 938 555 590 2770 432 2146 330 165 2297 637 439 2011 961 1562 1495 1987 926 2258 2054 1914 578 416 695 2157 1031 556 2139 624 1867 1920 1284 18 1692 2316 66 161 145 37 2521 4 998 863 