20 10
1 4 29 55 82 29 65 21 29 69 
35 13 65 24 90 26 24 56 7 87 
11 70 48 11 15 43 43 15 21 42 
83 50 48 73 17 24 9 17 22 29 
36 49 99 80 46 14 69 71 31 93 
62 30 21 95 48 25 33 31 73 25 
100 51 61 67 3 97 64 52 30 89 
47 66 85 18 92 6 70 89 42 95 
55 74 59 35 83 15 49 72 30 64 
68 6 27 42 80 73 43 79 61 13 
90 7 52 30 95 32 54 94 25 4 
100 71 73 9 32 42 89 41 26 34 
65 7 10 65 33 59 67 26 66 53 
74 22 18 97 60 10 84 40 19 38 
11 43 45 28 99 31 78 91 80 82 
38 8 11 3 11 66 72 30 26 82 
43 84 39 57 12 73 16 97 93 60 
17 100 80 10 87 32 21 82 24 65 
93 76 40 24 97 55 91 95 10 10 
86 48 85 89 63 49 33 25 78 78 
0 8 10 5 13 7 13 12 2 9 3 
8 0 6 9 5 11 5 4 6 3 7 
10 6 0 15 5 17 7 4 8 3 13 
5 9 15 0 10 2 8 11 7 12 2 
13 5 5 10 0 12 2 1 11 4 10 
7 11 17 2 12 0 10 13 9 14 4 
13 5 7 8 2 10 0 3 11 4 10 
12 4 4 11 1 13 3 0 10 3 9 
2 6 8 7 11 9 11 10 0 7 5 
9 3 3 12 4 14 4 3 7 0 10 
3 7 13 2 10 4 10 9 5 10 0 
32 383 22 3 281 285 517 152 331 82 56 44 196 437 261 250 492 376 585 167 