100 50
83 9 33 50 6 20 71 84 83 48 88 43 76 12 34 85 60 55 78 6 11 24 15 54 59 54 90 40 7 35 6 98 99 27 89 27 54 95 4 1 75 21 65 42 8 34 86 66 58 54 
49 43 26 26 23 94 88 59 69 92 2 47 60 59 12 49 88 94 41 38 83 60 27 59 41 98 20 95 100 59 90 77 25 78 36 5 93 64 68 91 89 5 44 23 38 12 2 70 78 76 
47 10 96 58 31 51 56 14 94 70 31 7 85 2 49 56 55 42 100 58 11 65 53 45 61 66 30 78 5 32 51 79 27 22 76 70 43 53 43 59 71 53 61 32 8 35 46 18 30 58 
83 96 80 28 25 83 5 24 90 72 65 38 83 45 80 20 91 38 91 66 81 53 16 99 67 36 18 52 28 83 65 44 68 40 25 8 57 50 39 16 36 19 83 57 9 24 51 93 15 96 
61 87 97 53 37 67 19 81 54 23 37 84 33 97 66 16 55 59 98 94 78 94 93 52 65 45 29 65 29 72 35 19 93 80 20 63 5 94 56 18 10 3 13 17 26 78 44 94 41 33 
64 52 1 71 89 55 8 53 60 66 68 30 82 64 83 44 5 30 34 18 97 82 7 66 57 66 5 34 59 80 94 5 36 2 75 16 88 38 40 8 45 59 47 61 23 76 34 66 51 25 
31 84 84 40 49 70 40 31 87 17 19 38 95 100 92 39 78 91 4 68 8 54 12 5 43 96 25 98 31 98 17 10 67 28 39 81 30 13 9 89 48 70 69 91 15 56 62 25 1 96 
44 2 15 65 57 7 95 68 16 88 80 84 89 27 97 30 55 13 48 63 76 48 86 79 12 61 91 20 85 64 93 33 56 60 92 4 24 16 39 3 89 65 78 15 66 11 14 69 12 75 
79 94 55 81 85 87 8 35 67 41 63 89 3 74 66 19 7 37 62 81 33 30 9 7 95 65 43 47 72 100 81 61 84 10 81 17 91 51 28 44 96 23 4 5 69 40 15 100 98 24 
39 52 13 62 5 73 16 99 29 92 83 99 21 98 93 22 9 93 61 79 58 19 1 86 15 17 89 3 58 32 86 83 22 68 18 67 94 31 76 56 15 52 79 81 10 20 91 25 98 61 
60 29 1 15 63 64 33 38 6 24 86 98 75 48 31 92 41 86 96 48 58 80 92 72 93 92 27 21 20 70 63 12 65 3 5 53 13 46 65 70 74 8 35 25 13 51 27 37 67 44 
37 75 89 59 2 87 78 47 72 16 87 50 89 46 40 55 12 85 84 33 24 47 36 96 45 59 94 30 8 37 4 12 29 11 61 79 14 38 59 77 75 46 53 51 42 93 47 73 4 31 
12 29 41 94 61 17 93 37 46 93 94 27 70 84 57 100 46 66 36 89 1 98 51 89 25 12 51 21 77 43 82 94 51 96 12 67 54 69 20 86 94 57 63 95 17 24 9 26 85 21 
84 60 42 87 45 63 39 34 36 35 10 85 56 39 67 20 40 24 19 6 24 29 33 6 35 88 8 26 56 73 50 88 17 11 26 87 44 9 88 37 82 92 64 67 39 51 84 67 58 84 
52 18 16 99 33 40 99 95 50 99 6 30 26 2 48 47 88 83 42 15 99 39 29 17 62 60 52 33 2 45 59 70 73 19 3 75 41 17 25 48 95 70 40 28 87 49 21 74 61 73 
36 95 6 70 50 80 48 91 16 38 84 74 93 64 42 61 9 3 63 84 5 13 64 70 7 7 85 27 51 75 100 26 64 99 71 22 46 6 3 7 55 90 8 14 34 27 56 35 97 1 
50 70 39 33 5 87 11 71 95 18 17 57 23 80 39 86 11 56 75 3 91 21 84 13 18 28 9 83 12 7 20 59 96 29 45 24 26 19 69 85 37 47 48 3 66 18 41 28 69 58 
79 30 6 19 39 69 34 74 38 65 57 98 99 89 65 65 41 72 41 66 21 26 5 29 37 27 52 97 49 47 90 77 57 11 27 8 62 67 68 82 23 79 19 17 16 28 10 46 88 45 
68 69 52 41 42 40 36 89 5 96 69 15 6 2 7 2 86 63 26 48 78 16 72 53 73 57 52 77 32 22 74 21 56 18 92 21 49 52 7 85 58 77 55 28 44 5 50 94 64 84 
8 44 93 59 4 22 24 34 81 48 39 57 50 57 4 45 45 13 61 86 84 46 51 10 32 1 82 91 96 46 53 65 73 77 86 69 81 87 53 92 5 56 88 11 67 86 36 7 28 69 
80 59 57 65 65 13 13 14 7 97 73 6 57 40 97 39 31 67 32 68 24 33 44 51 91 45 68 65 36 66 34 48 76 23 16 23 86 83 86 86 11 47 32 53 100 34 35 29 94 59 
60 98 83 50 72 16 24 73 29 46 3 4 31 1 28 23 3 97 49 33 2 77 91 9 37 85 34 13 74 66 75 53 66 21 82 13 5 88 75 2 57 22 58 6 54 80 84 63 39 61 
1 14 57 27 92 89 66 6 6 54 71 35 93 28 17 52 36 74 37 22 29 54 29 73 9 91 47 26 77 1 45 12 19 18 91 5 40 23 59 15 3 84 27 90 83 82 41 61 28 78 
96 66 24 28 97 90 51 11 26 76 25 8 48 10 63 33 56 74 91 22 71 7 30 63 95 20 48 20 40 38 38 99 43 29 18 9 44 21 51 11 87 96 5 74 13 28 31 92 61 85 
45 41 76 67 84 5 51 96 40 68 59 62 93 86 5 98 6 58 83 41 100 78 44 100 3 45 80 66 65 86 92 31 65 40 85 31 6 65 50 79 50 68 5 41 83 23 39 33 95 7 
85 45 2 40 88 41 53 82 8 27 27 50 87 25 100 31 36 60 59 60 11 59 93 83 88 48 26 17 18 76 28 62 37 49 50 80 74 64 64 11 16 90 52 85 56 86 47 74 100 40 
33 72 29 48 47 58 35 98 91 4 48 80 64 83 36 35 29 35 42 29 17 25 8 13 79 3 23 18 79 27 42 64 93 83 64 32 30 99 52 62 38 1 17 56 18 86 42 8 58 20 
13 82 84 71 5 16 44 38 19 81 79 61 93 89 75 44 41 38 27 42 26 44 74 68 21 35 58 52 40 1 9 46 15 19 25 22 82 58 45 63 86 64 34 97 26 47 73 83 54 56 
2 29 84 44 53 37 76 90 79 80 62 100 6 63 25 16 3 2 24 77 11 9 45 8 36 35 75 54 39 45 35 52 1 44 8 54 33 4 14 25 80 31 52 96 57 51 54 37 82 23 
57 29 49 9 90 93 83 43 45 72 31 84 57 16 70 37 79 64 34 89 42 36 87 48 74 45 93 51 95 23 87 5 98 19 20 12 23 70 4 83 85 16 50 78 66 4 84 99 98 84 
35 23 90 86 34 28 59 74 79 29 24 23 43 88 85 79 52 84 74 72 33 51 59 64 3 69 53 87 8 67 98 94 9 86 92 38 73 56 86 61 19 43 53 78 15 3 24 24 3 87 
67 9 38 75 74 87 67 38 70 72 36 33 77 63 52 25 55 58 51 70 56 79 98 99 5 22 27 87 17 39 23 68 77 60 78 20 54 47 53 21 31 14 29 84 87 69 62 91 4 77 
29 74 79 92 31 9 82 16 7 59 89 64 14 89 1 30 31 64 55 81 9 32 80 88 25 55 60 85 14 48 68 14 37 39 59 46 76 15 60 83 98 88 95 10 77 24 100 51 20 67 
78 54 25 94 58 92 74 5 34 26 72 34 54 20 17 9 12 71 88 16 36 8 28 72 94 81 95 74 54 23 15 11 13 55 100 59 63 36 90 84 36 79 35 52 5 89 67 62 49 45 
94 6 98 25 87 69 81 78 83 6 71 29 87 58 75 95 6 38 17 19 61 76 58 74 28 43 66 88 16 8 72 81 50 6 1 4 67 18 16 78 92 72 90 97 63 36 53 14 66 40 
64 55 70 7 21 73 61 98 10 89 75 98 4 16 43 49 86 5 44 99 17 34 94 7 54 30 68 88 100 17 48 55 24 77 2 93 76 82 94 56 24 92 87 78 99 59 16 95 15 63 
96 33 55 53 14 50 3 29 48 25 44 97 78 94 95 9 20 81 41 100 21 41 64 1 1 24 2 14 83 93 61 58 6 49 47 6 62 20 32 85 48 59 46 79 60 76 53 29 34 71 
87 10 26 37 92 90 73 28 13 93 13 79 83 90 79 13 50 98 55 21 79 54 35 52 73 66 69 65 75 26 41 68 24 80 9 12 55 52 57 73 2 54 39 94 5 49 46 56 69 99 
65 5 13 57 52 56 93 74 43 69 48 50 31 62 83 94 80 54 21 15 90 22 23 5 2 66 10 6 26 46 35 27 66 20 80 19 8 28 17 6 30 74 76 83 7 56 36 21 54 96 
88 22 18 16 22 49 50 88 5 72 45 98 73 90 53 75 46 91 67 59 43 22 26 22 32 98 92 25 95 24 61 61 28 99 14 39 98 13 26 66 15 84 10 49 63 95 71 41 50 5 
91 64 85 2 30 18 17 15 78 28 42 84 40 61 38 45 35 77 61 8 83 76 95 67 52 8 68 97 28 35 84 47 49 67 47 51 81 74 26 43 54 70 82 26 64 88 92 15 66 90 
56 30 86 21 23 92 13 45 25 88 69 68 89 84 34 39 34 92 41 27 33 1 36 42 78 45 63 92 39 3 46 38 10 87 72 14 3 97 98 31 94 88 17 47 45 88 87 54 57 50 
49 25 44 10 69 38 80 36 24 52 21 41 39 37 21 31 56 99 9 93 94 61 9 16 36 96 89 29 21 12 98 17 94 85 22 25 23 96 88 20 82 15 9 83 14 4 68 99 95 36 
91 84 53 87 68 30 67 6 27 65 15 63 49 79 49 53 83 97 85 27 34 40 37 43 86 27 27 38 33 98 7 17 82 2 63 26 100 46 89 25 42 71 39 77 11 26 20 38 70 39 
87 74 46 32 13 92 86 90 88 98 24 44 85 70 81 88 3 76 54 27 96 10 8 94 19 75 71 85 22 83 11 58 9 36 47 95 71 4 60 39 15 13 40 77 94 44 54 11 39 7 
36 53 50 94 75 23 15 65 56 22 52 86 90 27 42 10 49 82 6 55 35 98 26 29 55 7 24 30 65 1 31 97 37 58 76 32 50 4 20 68 67 48 28 43 71 27 30 25 65 99 
9 64 46 26 68 54 43 68 81 65 7 42 57 4 62 42 67 43 67 72 62 28 92 42 65 62 90 44 38 35 23 94 75 59 51 74 18 15 79 21 51 36 45 33 16 62 96 67 48 23 
20 79 22 76 91 19 75 57 50 46 76 53 87 20 9 7 75 2 95 99 94 82 24 28 54 58 63 92 37 100 55 56 75 89 17 18 82 58 87 49 79 87 50 100 43 34 78 34 93 79 
90 61 23 19 61 28 3 43 2 1 39 86 39 96 7 36 86 70 94 44 64 69 20 18 48 23 76 15 89 1 90 88 92 22 4 75 1 80 55 4 58 68 97 53 36 52 87 7 19 95 
82 86 71 91 90 33 52 71 49 40 8 18 73 50 35 67 18 54 71 75 64 46 6 29 42 82 100 99 19 52 24 44 41 85 84 44 59 95 11 38 27 79 10 73 52 33 34 51 88 61 
89 60 66 40 4 88 22 98 71 86 90 34 36 78 80 47 46 48 31 76 81 31 75 81 97 31 7 69 84 92 69 51 23 81 72 30 87 16 99 87 41 77 7 80 60 31 13 66 15 73 
91 90 17 35 69 6 5 49 53 37 43 64 64 78 2 34 96 69 20 75 7 74 38 53 30 64 80 57 39 90 44 14 33 6 98 100 12 5 56 29 91 27 46 58 38 67 3 39 14 93 
16 54 27 23 22 35 31 10 76 85 55 97 87 39 20 25 33 27 92 7 51 56 53 60 23 23 13 84 45 95 50 23 15 37 69 57 69 18 68 97 93 37 20 8 44 91 33 29 89 96 
73 56 40 27 8 59 25 65 4 4 29 46 9 74 45 67 11 49 5 70 74 2 41 44 86 75 90 59 64 68 57 85 82 93 54 25 91 93 16 3 21 1 10 87 73 1 100 24 19 38 
14 48 35 21 59 56 70 60 18 53 72 81 15 37 4 29 56 21 37 7 18 54 26 77 41 49 89 34 81 98 66 27 40 37 35 42 12 70 29 44 27 49 86 51 95 91 14 32 38 23 
4 24 70 81 73 1 4 73 70 35 71 29 73 95 24 25 24 75 23 57 41 1 8 19 51 49 29 55 100 18 28 37 6 8 50 86 77 64 33 36 13 65 70 22 96 28 67 46 83 61 
44 39 35 30 59 11 100 82 81 22 40 55 73 13 74 55 20 33 66 60 67 30 40 22 34 21 49 80 48 45 99 98 20 11 46 64 17 77 59 24 72 35 95 86 59 62 65 81 7 6 
99 3 79 22 14 25 85 20 71 88 58 99 92 46 99 12 55 85 97 68 68 41 81 84 14 16 76 10 16 69 76 96 37 66 61 34 60 72 52 68 24 6 2 6 3 36 85 54 64 68 
15 37 25 10 7 53 37 66 37 43 47 44 73 43 18 10 25 62 81 96 75 6 40 20 15 86 63 61 96 38 14 62 97 31 96 65 95 54 80 50 42 78 15 7 27 21 68 47 55 26 
27 94 19 56 59 75 73 49 33 26 69 9 39 84 15 30 35 6 74 94 100 14 7 95 80 24 86 79 13 1 71 45 43 87 2 6 85 26 84 10 8 54 74 59 37 16 79 41 45 14 
57 62 12 88 91 76 64 80 80 1 65 52 47 78 10 3 5 64 61 78 35 26 51 43 46 28 31 55 75 46 3 71 21 30 27 36 7 4 33 4 19 2 48 32 29 61 58 27 75 78 
50 74 62 24 20 4 92 94 31 55 100 73 22 98 18 16 56 64 2 27 34 54 98 57 26 83 11 95 70 6 66 36 27 10 62 77 1 44 31 35 19 86 46 41 54 47 30 68 61 91 
88 90 15 94 63 35 73 78 2 2 15 2 10 43 63 42 92 100 14 17 95 87 19 20 1 62 79 82 59 60 35 57 44 49 32 53 43 12 13 34 7 27 12 64 26 1 13 100 81 10 
13 94 30 49 88 91 18 58 89 69 35 4 93 54 36 67 41 98 10 24 5 34 22 61 89 62 9 78 91 99 14 55 51 79 35 95 46 66 37 28 7 56 54 33 34 47 90 50 47 55 
10 54 24 89 43 62 76 71 28 53 93 43 37 90 85 81 24 95 10 57 14 19 47 62 66 29 74 74 29 70 39 36 12 95 93 18 9 77 8 31 88 12 42 47 93 78 19 7 50 42 
70 96 98 42 40 93 12 73 88 41 67 26 99 48 77 16 8 55 33 25 11 39 27 82 22 21 81 78 37 64 99 13 56 72 63 94 7 11 23 37 100 79 25 54 70 53 49 65 39 7 
52 72 100 13 76 82 94 14 12 65 63 17 2 63 57 86 69 34 23 55 95 38 86 90 84 48 63 24 2 86 46 55 37 15 42 61 60 100 1 85 90 59 50 21 21 89 83 57 94 18 
15 2 47 3 58 59 29 42 58 87 72 32 16 24 88 25 25 70 87 69 65 76 64 87 48 89 59 32 34 51 1 50 89 12 29 21 54 100 65 57 72 2 44 61 95 48 98 36 31 38 
1 5 48 56 15 3 66 99 31 39 67 18 72 46 29 59 74 64 46 74 48 58 48 71 46 45 43 81 16 18 10 20 30 46 30 94 6 32 55 3 17 60 83 92 43 6 13 52 56 97 
41 93 36 88 3 77 14 23 88 29 26 48 62 68 97 20 13 86 60 11 41 42 38 79 60 50 29 69 19 62 92 12 4 22 57 97 29 36 37 4 42 24 37 81 81 98 45 81 17 80 
76 40 79 8 34 1 56 35 50 55 95 26 13 3 10 83 38 23 22 65 58 50 85 88 47 96 78 27 81 38 85 95 32 72 44 31 39 99 77 41 66 62 59 5 82 59 35 36 48 63 
83 65 40 62 20 99 54 16 37 61 46 67 69 6 34 57 36 50 38 99 97 61 61 77 39 36 82 19 7 1 19 45 83 44 65 10 66 13 23 69 91 38 75 73 49 14 35 53 60 98 
20 62 35 60 58 25 43 37 18 36 67 75 39 22 9 98 71 26 75 22 51 22 99 32 100 89 45 30 96 80 62 55 77 75 96 24 78 95 2 51 68 38 16 82 100 33 38 23 87 56 
37 69 74 40 70 78 31 56 63 6 78 46 50 72 31 96 5 95 5 82 73 36 81 90 49 40 78 62 22 18 30 1 49 44 77 4 23 20 78 80 94 88 14 74 97 99 59 76 61 51 
70 22 29 85 81 71 76 38 59 69 3 22 29 88 24 42 21 39 54 26 92 15 96 92 53 81 47 39 65 70 45 78 79 60 93 54 47 89 36 6 49 87 19 13 39 56 72 64 49 41 
42 76 99 75 32 44 56 77 26 91 86 36 42 31 65 65 81 83 99 55 96 35 26 71 2 54 67 88 97 23 84 42 77 3 39 38 60 65 43 21 89 71 4 9 73 6 53 25 91 21 
90 28 25 26 7 26 64 44 30 28 90 7 93 43 17 77 66 9 4 45 11 43 44 26 74 3 34 79 64 57 69 16 29 93 92 18 96 40 86 51 67 17 43 24 22 77 15 12 91 71 
79 20 61 78 23 32 53 41 84 64 64 79 59 4 32 88 96 87 42 52 34 7 73 47 69 45 55 31 41 65 88 2 23 89 92 70 97 74 69 37 84 64 62 26 64 55 77 73 4 32 
5 42 48 83 57 70 1 67 37 64 56 38 6 1 75 78 61 75 24 53 72 40 23 88 63 72 98 68 78 16 30 11 98 5 96 89 91 24 66 85 60 22 69 3 87 20 66 64 75 9 
47 5 13 70 48 21 26 86 13 13 96 19 23 23 44 23 76 76 1 46 75 78 89 85 36 11 98 48 34 46 100 10 68 72 86 44 2 56 24 65 82 44 43 20 16 21 3 45 63 97 
48 65 1 6 64 52 50 19 68 71 9 93 71 48 58 72 42 74 11 8 26 63 86 89 99 23 67 38 85 81 48 83 82 88 44 78 81 56 64 58 84 46 90 60 12 39 50 9 76 48 
98 49 38 24 14 58 62 41 34 22 61 99 37 81 93 20 79 87 29 1 92 91 11 6 13 83 87 36 50 32 64 36 97 47 94 93 58 10 61 52 91 28 8 22 87 25 59 5 29 1 
92 65 41 83 11 62 47 64 61 56 71 2 71 10 77 93 84 65 41 15 24 55 61 78 39 45 46 95 79 40 9 97 59 2 77 98 42 30 68 54 49 83 37 73 17 13 67 30 41 88 
98 2 56 92 1 39 63 99 40 44 40 88 20 44 78 52 41 27 98 32 2 76 38 88 41 74 29 31 48 21 8 100 62 8 82 36 74 15 50 15 41 4 54 83 55 81 69 18 84 4 
14 68 82 25 77 67 3 67 96 28 49 10 11 52 50 68 97 15 68 29 96 69 37 69 45 10 76 35 67 58 38 8 54 65 65 18 85 82 87 16 95 50 39 79 44 61 39 2 69 12 
3 57 95 72 40 53 3 21 61 80 64 68 29 3 56 22 85 84 59 82 10 82 70 77 8 19 29 50 4 10 65 83 44 10 84 68 93 5 96 27 74 88 20 52 75 24 69 47 85 8 
34 59 91 14 59 95 72 13 72 24 15 40 47 48 58 60 18 46 70 28 43 85 88 46 36 98 99 3 1 63 80 1 7 75 82 71 91 88 3 13 83 57 8 2 85 35 98 92 17 56 
23 100 4 91 90 54 72 68 83 52 8 90 44 20 43 76 40 89 85 80 36 8 21 17 18 11 65 62 22 11 68 72 67 18 56 32 54 84 60 1 72 38 1 99 62 3 29 36 65 38 
2 97 60 27 16 78 73 22 13 48 70 30 54 40 34 58 24 39 9 29 53 13 39 75 74 37 81 78 90 73 87 65 46 60 81 34 94 7 20 2 13 34 69 83 53 12 77 23 57 46 
16 32 79 100 37 88 25 1 82 65 25 26 66 91 10 69 5 86 4 3 23 87 51 81 56 98 8 94 63 66 92 14 61 74 8 51 57 35 15 64 36 26 47 55 71 79 61 33 98 3 
64 31 67 91 3 3 6 54 89 84 57 89 97 43 86 65 10 69 86 19 3 22 56 90 28 15 68 96 49 21 26 42 68 25 59 22 22 65 64 50 93 63 9 30 42 87 32 41 63 38 
77 89 28 45 58 3 7 91 93 35 36 98 38 78 19 37 88 6 66 59 63 64 35 77 15 100 81 92 35 97 29 17 88 86 95 51 62 63 63 44 21 65 37 39 17 9 91 48 4 95 
64 2 8 51 37 20 54 42 98 73 6 21 19 37 22 44 13 52 73 82 14 52 38 94 69 97 18 90 15 8 66 70 18 81 89 89 70 50 16 40 50 92 89 12 12 28 24 56 63 41 
51 88 20 89 13 18 77 65 38 39 17 39 1 8 41 13 17 99 33 98 10 93 35 58 32 26 60 47 74 24 77 41 22 94 92 68 36 45 35 6 53 50 85 18 51 98 74 89 61 87 
21 96 55 69 6 43 100 3 42 25 44 25 8 86 68 76 57 27 51 45 36 48 61 31 23 56 54 96 99 5 10 16 64 89 44 84 16 46 61 21 17 7 15 34 17 17 54 75 99 56 
83 41 88 25 24 99 15 28 78 59 80 22 55 38 98 92 78 80 95 65 69 77 57 71 90 37 82 68 26 19 35 82 39 61 90 97 21 35 28 14 85 94 45 15 17 12 67 36 56 8 
17 61 68 96 47 81 33 91 93 64 77 37 27 38 19 15 65 48 3 8 37 93 95 53 37 91 3 2 18 88 98 40 19 24 73 21 31 42 55 44 18 10 16 16 38 11 24 40 67 59 
71 36 31 66 98 16 59 42 35 16 85 41 69 97 47 49 34 55 39 53 51 96 47 85 69 55 83 44 40 46 87 61 22 51 45 25 36 61 67 92 83 7 13 75 56 50 85 88 34 8 
70 99 40 100 38 59 27 57 82 92 11 58 49 100 28 66 5 27 66 51 65 79 37 89 31 42 21 67 99 99 1 16 61 45 84 26 32 37 77 96 1 47 33 99 48 3 33 69 65 1 
93 57 70 77 20 12 79 11 69 95 48 90 88 100 83 16 36 75 4 67 6 47 96 28 98 50 20 27 38 89 28 58 38 77 89 91 50 68 77 17 77 53 35 74 34 15 8 4 78 29 
0 1 3 2 4 9 7 7 3 13 4 11 12 5 10 8 6 11 9 6 8 3 8 7 8 4 3 9 12 9 3 3 9 7 12 10 3 8 6 12 6 7 12 9 0 8 12 9 9 13 10 
1 0 2 3 3 8 6 6 2 12 5 10 11 4 9 9 5 10 8 7 7 4 7 8 7 5 2 8 13 10 2 4 8 8 13 9 4 9 7 11 5 8 11 10 1 7 11 10 8 12 9 
3 2 0 5 1 6 6 4 0 10 7 8 9 4 11 11 3 8 6 9 5 6 5 10 5 7 2 6 15 12 2 6 6 10 15 7 6 11 9 9 5 10 9 12 3 5 9 12 10 10 11 
2 3 5 0 6 11 9 9 5 15 6 13 14 7 12 6 8 13 11 4 10 1 10 5 10 4 5 11 10 7 5 1 11 5 10 12 5 6 4 14 8 7 14 7 2 10 14 7 11 15 12 
4 3 1 6 0 5 7 3 1 9 8 7 8 5 12 12 2 7 7 10 4 7 4 11 6 8 3 5 16 13 3 7 7 11 16 8 7 12 10 8 6 11 8 13 4 4 10 13 11 9 12 
9 8 6 11 5 0 4 2 6 4 5 4 3 4 9 9 5 2 4 7 3 10 3 8 3 7 6 0 13 10 6 12 4 8 13 5 6 9 9 3 3 8 3 10 9 1 7 10 8 6 9 
7 6 6 9 7 4 0 4 6 6 3 4 5 2 5 5 9 4 2 5 7 8 7 6 1 5 4 4 9 6 4 10 2 4 9 3 4 5 7 5 1 4 5 6 7 5 5 6 4 6 5 
7 6 4 9 3 2 4 0 4 6 5 4 5 2 9 9 5 4 4 7 3 8 3 8 3 5 4 2 13 10 4 10 4 8 13 5 4 9 7 5 3 8 5 10 7 1 7 10 8 6 9 
3 2 0 5 1 6 6 4 0 10 7 8 9 4 11 11 3 8 6 9 5 6 5 10 5 7 2 6 15 12 2 6 6 10 15 7 6 11 9 9 5 10 9 12 3 5 9 12 10 10 11 
13 12 10 15 9 4 6 6 10 0 9 2 1 8 7 9 7 2 4 11 5 14 5 12 5 11 10 4 11 8 10 16 4 10 11 3 10 11 13 1 7 8 1 10 13 5 5 8 6 4 7 
4 5 7 6 8 5 3 5 7 9 0 7 8 3 6 4 10 7 5 2 8 5 8 3 4 2 5 5 8 5 5 7 5 3 8 6 1 4 4 8 2 3 8 5 4 6 8 5 5 9 6 
11 10 8 13 7 4 4 4 8 2 7 0 3 6 5 7 9 2 2 9 7 12 7 10 3 9 8 4 9 6 8 14 2 8 9 1 8 9 11 3 5 6 1 8 11 5 3 6 4 2 5 
12 11 9 14 8 3 5 5 9 1 8 3 0 7 8 8 6 1 3 10 4 13 4 11 4 10 9 3 12 9 9 15 3 9 12 4 9 10 12 0 6 7 2 9 12 4 6 9 7 5 8 
5 4 4 7 5 4 2 2 4 8 3 6 7 0 7 7 7 6 4 5 5 6 5 6 3 3 2 4 11 8 2 8 4 6 11 5 2 7 5 7 1 6 7 8 5 3 7 8 6 8 7 
10 9 11 12 12 9 5 9 11 7 6 5 8 7 0 6 14 7 5 8 12 11 12 9 6 8 9 9 4 5 9 13 5 7 4 4 7 8 10 8 6 5 6 7 10 10 2 5 1 3 0 
8 9 11 6 12 9 5 9 11 9 4 7 8 7 6 0 14 7 5 2 12 5 12 3 6 4 9 9 4 1 9 7 5 1 4 6 5 2 4 8 6 1 8 1 8 10 8 1 5 9 6 
6 5 3 8 2 5 9 5 3 7 10 9 6 7 14 14 0 7 9 12 2 9 2 13 8 10 5 5 18 15 5 9 9 13 18 10 9 14 12 6 8 13 8 15 6 4 12 15 13 11 14 
11 10 8 13 7 2 4 4 8 2 7 2 1 6 7 7 7 0 2 9 5 12 5 10 3 9 8 2 11 8 8 14 2 8 11 3 8 9 11 1 5 6 1 8 11 3 5 8 6 4 7 
9 8 6 11 7 4 2 4 6 4 5 2 3 4 5 5 9 2 0 7 7 10 7 8 1 7 6 4 9 6 6 12 0 6 9 1 6 7 9 3 3 4 3 6 9 5 3 6 4 4 5 
6 7 9 4 10 7 5 7 9 11 2 9 10 5 8 2 12 9 7 0 10 3 10 1 6 2 7 7 6 3 7 5 7 1 6 8 3 2 2 10 4 3 10 3 6 8 10 3 7 11 8 
8 7 5 10 4 3 7 3 5 5 8 7 4 5 12 12 2 5 7 10 0 9 0 11 6 8 5 3 16 13 5 11 7 11 16 8 7 12 10 4 6 11 6 13 8 2 10 13 11 9 12 
3 4 6 1 7 10 8 8 6 14 5 12 13 6 11 5 9 12 10 3 9 0 9 4 9 3 4 10 9 6 4 2 10 4 9 11 4 5 3 13 7 6 13 6 3 9 13 6 10 14 11 
8 7 5 10 4 3 7 3 5 5 8 7 4 5 12 12 2 5 7 10 0 9 0 11 6 8 5 3 16 13 5 11 7 11 16 8 7 12 10 4 6 11 6 13 8 2 10 13 11 9 12 
7 8 10 5 11 8 6 8 10 12 3 10 11 6 9 3 13 10 8 1 11 4 11 0 7 3 8 8 5 4 8 4 8 2 5 9 4 1 1 11 5 4 11 2 7 9 11 4 8 12 9 
8 7 5 10 6 3 1 3 5 5 4 3 4 3 6 6 8 3 1 6 6 9 6 7 0 6 5 3 10 7 5 11 1 5 10 2 5 6 8 4 2 5 4 7 8 4 4 7 5 5 6 
4 5 7 4 8 7 5 5 7 11 2 9 10 3 8 4 10 9 7 2 8 3 8 3 6 0 5 7 8 5 5 5 7 3 8 8 1 4 2 10 4 3 10 5 4 6 10 5 7 11 8 
3 2 2 5 3 6 4 4 2 10 5 8 9 2 9 9 5 8 6 7 5 4 5 8 5 5 0 6 13 10 0 6 6 8 13 7 4 9 7 9 3 8 9 10 3 5 9 10 8 10 9 
9 8 6 11 5 0 4 2 6 4 5 4 3 4 9 9 5 2 4 7 3 10 3 8 3 7 6 0 13 10 6 12 4 8 13 5 6 9 9 3 3 8 3 10 9 1 7 10 8 6 9 
12 13 15 10 16 13 9 13 15 11 8 9 12 11 4 4 18 11 9 6 16 9 16 5 10 8 13 13 0 3 13 9 9 5 0 8 9 4 6 12 10 5 10 3 12 14 6 3 5 7 4 
9 10 12 7 13 10 6 10 12 8 5 6 9 8 5 1 15 8 6 3 13 6 13 4 7 5 10 10 3 0 10 8 6 2 3 5 6 3 5 9 7 2 7 2 9 11 7 0 4 8 5 
3 2 2 5 3 6 4 4 2 10 5 8 9 2 9 9 5 8 6 7 5 4 5 8 5 5 0 6 13 10 0 6 6 8 13 7 4 9 7 9 3 8 9 10 3 5 9 10 8 10 9 
3 4 6 1 7 12 10 10 6 16 7 14 15 8 13 7 9 14 12 5 11 2 11 4 11 5 6 12 9 8 6 0 12 6 9 13 6 5 3 15 9 8 15 6 3 11 15 8 12 16 13 
9 8 6 11 7 4 2 4 6 4 5 2 3 4 5 5 9 2 0 7 7 10 7 8 1 7 6 4 9 6 6 12 0 6 9 1 6 7 9 3 3 4 3 6 9 5 3 6 4 4 5 
7 8 10 5 11 8 4 8 10 10 3 8 9 6 7 1 13 8 6 1 11 4 11 2 5 3 8 8 5 2 8 6 6 0 5 7 4 1 3 9 5 2 9 2 7 9 9 2 6 10 7 
12 13 15 10 16 13 9 13 15 11 8 9 12 11 4 4 18 11 9 6 16 9 16 5 10 8 13 13 0 3 13 9 9 5 0 8 9 4 6 12 10 5 10 3 12 14 6 3 5 7 4 
10 9 7 12 8 5 3 5 7 3 6 1 4 5 4 6 10 3 1 8 8 11 8 9 2 8 7 5 8 5 7 13 1 7 8 0 7 8 10 4 4 5 2 7 10 6 2 5 3 3 4 
3 4 6 5 7 6 4 4 6 10 1 8 9 2 7 5 9 8 6 3 7 4 7 4 5 1 4 6 9 6 4 6 6 4 9 7 0 5 3 9 3 4 9 6 3 5 9 6 6 10 7 
8 9 11 6 12 9 5 9 11 11 4 9 10 7 8 2 14 9 7 2 12 5 12 1 6 4 9 9 4 3 9 5 7 1 4 8 5 0 2 10 6 3 10 1 8 10 10 3 7 11 8 
6 7 9 4 10 9 7 7 9 13 4 11 12 5 10 4 12 11 9 2 10 3 10 1 8 2 7 9 6 5 7 3 9 3 6 10 3 2 0 12 6 5 12 3 6 8 12 5 9 13 10 
12 11 9 14 8 3 5 5 9 1 8 3 0 7 8 8 6 1 3 10 4 13 4 11 4 10 9 3 12 9 9 15 3 9 12 4 9 10 12 0 6 7 2 9 12 4 6 9 7 5 8 
6 5 5 8 6 3 1 3 5 7 2 5 6 1 6 6 8 5 3 4 6 7 6 5 2 4 3 3 10 7 3 9 3 5 10 4 3 6 6 6 0 5 6 7 6 4 6 7 5 7 6 
7 8 10 7 11 8 4 8 10 8 3 6 7 6 5 1 13 6 4 3 11 6 11 4 5 3 8 8 5 2 8 8 4 2 5 5 4 3 5 7 5 0 7 2 7 9 7 2 4 8 5 
12 11 9 14 8 3 5 5 9 1 8 1 2 7 6 8 8 1 3 10 6 13 6 11 4 10 9 3 10 7 9 15 3 9 10 2 9 10 12 2 6 7 0 9 12 4 4 7 5 3 6 
9 10 12 7 13 10 6 10 12 10 5 8 9 8 7 1 15 8 6 3 13 6 13 2 7 5 10 10 3 2 10 6 6 2 3 7 6 1 3 9 7 2 9 0 9 11 9 2 6 10 7 
0 1 3 2 4 9 7 7 3 13 4 11 12 5 10 8 6 11 9 6 8 3 8 7 8 4 3 9 12 9 3 3 9 7 12 10 3 8 6 12 6 7 12 9 0 8 12 9 9 13 10 
8 7 5 10 4 1 5 1 5 5 6 5 4 3 10 10 4 3 5 8 2 9 2 9 4 6 5 1 14 11 5 11 5 9 14 6 5 10 8 4 4 9 4 11 8 0 8 11 9 7 10 
12 11 9 14 10 7 5 7 9 5 8 3 6 7 2 8 12 5 3 10 10 13 10 11 4 10 9 7 6 7 9 15 3 9 6 2 9 10 12 6 6 7 4 9 12 8 0 7 3 1 2 
9 10 12 7 13 10 6 10 12 8 5 6 9 8 5 1 15 8 6 3 13 6 13 4 7 5 10 10 3 0 10 8 6 2 3 5 6 3 5 9 7 2 7 2 9 11 7 0 4 8 5 
9 8 10 11 11 8 4 8 10 6 5 4 7 6 1 5 13 6 4 7 11 10 11 8 5 7 8 8 5 4 8 12 4 6 5 3 6 7 9 7 5 4 5 6 9 9 3 4 0 4 1 
13 12 10 15 9 6 6 6 10 4 9 2 5 8 3 9 11 4 4 11 9 14 9 12 5 11 10 6 7 8 10 16 4 10 7 3 10 11 13 5 7 8 3 10 13 7 1 8 4 0 3 
10 9 11 12 12 9 5 9 11 7 6 5 8 7 0 6 14 7 5 8 12 11 12 9 6 8 9 9 4 5 9 13 5 7 4 4 7 8 10 8 6 5 6 7 10 10 2 5 1 3 0 
1657 1947 1591 571 2443 807 2164 613 1359 1285 1238 1615 2310 1157 186 682 505 345 1342 2590 2330 1151 2203 1699 938 1102 1033 478 1463 1751 1393 583 209 129 1313 782 1989 2396 315 1864 1831 1028 2394 548 1063 431 147 631 1991 2137 1448 1966 23 1484 466 84 519 719 2044 1187 522 369 2206 1185 979 1904 409 1241 731 1944 887 75 1220 550 2668 1120 708 2567 1914 101 212 1559 489 666 1067 2215 2535 1819 663 1287 1927 1306 501 107 2215 2657 794 2588 2061 1083 